1403715528662142976.000000 0.000000000 0.000000000 0.000000000 -0.000000000 -0.000000000 -0.000000000 1.000000000
1403715528712143104.000000 -0.011302767 -0.037865203 -0.001460077 0.002368847 0.000547356 0.001473931 0.999995947
1403715528762143232.000000 -0.023847969 -0.080048956 -0.003174995 0.004077782 0.001044823 0.002573268 0.999987841
1403715528812143104.000000 -0.038261328 -0.125431329 -0.005513301 0.005520664 0.002294322 0.002543665 0.999978900
1403715528862142976.000000 -0.051767964 -0.174925461 -0.008116003 0.007724646 0.002774129 0.002436451 0.999963343
1403715528912143104.000000 -0.067928955 -0.225104794 -0.012575756 0.008710809 0.003676815 0.002646328 0.999951780
1403715528962142976.000000 -0.084996402 -0.273742020 -0.016907673 0.009019318 0.004498806 0.001844043 0.999947488
1403715529062142976.000000 -0.128521115 -0.372439355 -0.029231271 0.005744222 0.001632117 0.000548145 0.999981999
1403715529112143360.000000 -0.155177832 -0.431885034 -0.040484555 0.005547979 -0.003395576 0.000757791 0.999978602
1403715529162142976.000000 -0.184252992 -0.497556031 -0.052413605 0.005211498 -0.009488028 -0.000937812 0.999940991
1403715529212143104.000000 -0.212899387 -0.570770264 -0.069314934 0.003329320 -0.017249873 -0.002817374 0.999841750
1403715529262143232.000000 -0.244962916 -0.649537683 -0.089319244 0.000484316 -0.025302190 -0.005948441 0.999662042
1403715529312143104.000000 -0.278384566 -0.727805376 -0.108076081 -0.002770964 -0.034088857 -0.009581248 0.999369025
1403715529362142976.000000 -0.310683250 -0.800680399 -0.121632203 -0.006032350 -0.043393798 -0.014901847 0.998928726
1403715529762143232.000000 -0.611734331 -1.187989712 -0.043631766 0.000769874 -0.090277456 -0.040797792 0.995080352
1403715529812143104.000000 -0.656200349 -1.231641173 -0.029610500 0.001956208 -0.093308516 -0.041121796 0.994785786
1403715530112143360.000000 -0.959111810 -1.573108673 0.081314623 0.022190223 -0.100086294 -0.048053835 0.993569911
1403715530312143104.000000 -1.210538387 -1.881880999 0.063873410 0.016749904 -0.094322905 -0.061326157 0.993509829
1403715530412143104.000000 -1.364154696 -2.083071470 0.003355877 0.013371679 -0.095947795 -0.055472411 0.993749499
1403715531462142976.000000 -3.631249189 -3.865078449 -0.288495541 -0.008301197 -0.191284478 -0.034851722 0.980880618
1403715531662142976.000000 -3.981408596 -4.047652721 -0.089636505 -0.002363754 -0.195754677 -0.031550754 0.980142355
1403715532062142976.000000 -4.503421783 -4.220283508 0.430516779 0.033117779 -0.180972904 -0.055179831 0.981380284
1403715532212143104.000000 -4.659861088 -4.270418167 0.569171786 0.036744580 -0.178941742 -0.057653174 0.981481433
1403715532362142976.000000 -4.805032730 -4.303380013 0.662945807 0.032239001 -0.187577158 -0.054177150 0.980224669
1403715532962142976.000000 -4.881691933 -4.216397762 0.858730316 0.025261955 -0.209124580 0.005332325 0.977548122
1403715533412143104.000000 -3.842855453 -3.920259953 1.099577546 0.037990738 -0.104828767 0.022711027 0.993504822
1403715533562142976.000000 -3.309102297 -3.977659464 1.037803054 0.020644689 -0.087818876 0.034088399 0.995338976
1403715533712143104.000000 -2.703253031 -4.098883152 0.905305743 0.004946230 -0.082839347 0.056263581 0.994961143
1403715534162142976.000000 -0.273214519 -4.479340553 0.536929369 0.000921342 -0.058356617 0.013954917 0.998197854
1403715534312143104.000000 0.620270550 -4.431961536 0.499484241 0.002501784 -0.054035939 -0.006120189 0.998517156
1403715534462142976.000000 1.479688644 -4.321547985 0.502846718 0.001826904 -0.047475908 -0.011800222 0.998801053
1403715534612143360.000000 2.310611010 -4.181679249 0.561272442 -0.000531179 -0.029057123 -0.006656001 0.999555469
1403715534962142976.000000 4.133674622 -3.766958714 0.783957541 -0.028192135 0.059432846 0.020690911 0.997619569
1403715535512143104.000000 6.701514244 -3.429305077 1.703853130 -0.048198100 0.121221863 0.079644598 0.988250434
1403715535662142976.000000 7.386456966 -3.446212053 2.129805803 -0.020448219 0.121179499 0.079524688 0.989228606
1403715536012143104.000000 9.020022392 -3.486674547 3.188684464 -0.022061838 0.079075679 0.025143934 0.996307254
1403715536212143104.000000 9.900915146 -3.546713352 3.838304281 -0.041916352 0.051660910 0.006792284 0.997761548
1403715536562142976.000000 11.143625259 -3.856454134 5.211584568 -0.023810845 0.039273348 -0.044601738 0.997948587
1403715536662142976.000000 11.377722740 -3.977033138 5.636820793 -0.010258683 0.039847340 -0.052862093 0.997753739
1403715536762143232.000000 11.585387230 -4.151058674 6.069916248 0.009712494 0.036739279 -0.054173548 0.997808158
1403715537112143360.000000 11.791005135 -4.685717583 7.370321274 0.090011641 0.036946457 -0.088435598 0.991318345
1403715537212143104.000000 11.672393799 -4.836206913 7.603950024 0.119106032 0.038423721 -0.091098867 0.987946570
1403715537312143104.000000 11.478073120 -4.971419811 7.735746384 0.138941064 0.032450199 -0.076114431 0.986837864
1403715537412143104.000000 11.207775116 -5.068908691 7.760929108 0.127852708 0.020201175 -0.043454714 0.990634799
1403715537512143104.000000 10.898652077 -5.129628181 7.686945438 0.090246849 0.009253583 -0.011406001 0.995811105
1403715537712143104.000000 10.222929001 -5.205534935 7.383171082 0.031420436 0.003700004 0.024098247 0.999208868
1403715537862142976.000000 9.773206711 -5.279038906 7.092183113 0.052180134 0.006933601 0.030310955 0.998153508
1403715537962142976.000000 9.492745399 -5.296445847 6.871654034 0.055554315 0.008649432 0.029988887 0.997967720
1403715538062142976.000000 9.264801979 -5.297132969 6.610791683 0.044482931 0.006876092 0.034409054 0.998393714
1403715538162142976.000000 9.012764931 -5.275319576 6.337522507 0.032021772 0.010316446 0.043957520 0.998466790
1403715538612143360.000000 8.255709648 -4.759970188 5.056585789 0.062193494 0.102036178 0.045904461 0.991772830
1403715539862142976.000000 6.441177368 -1.699249983 0.533155680 -0.003368196 0.440531343 0.191505253 0.877067029
1403715540412143104.000000 6.377621174 -1.611198902 -1.547482371 -0.043201327 0.411282867 0.212715045 0.885286629
1403715540612143360.000000 6.708934784 -1.582435131 -2.196464062 -0.070892386 0.415191174 0.196833447 0.885351419
1403715540762143232.000000 7.069407940 -1.572429299 -2.574477434 -0.074106596 0.413106680 0.216895059 0.881366968
1403715540962142976.000000 7.745160580 -1.593153834 -2.997815371 -0.050570682 0.420201004 0.218348101 0.879316688
1403715541112143360.000000 8.365373611 -1.578859687 -3.261284828 -0.043463022 0.425696880 0.205961481 0.880041480
1403715541412143104.000000 9.788404465 -1.572376370 -3.682319880 -0.007601961 0.431003571 0.207302555 0.878182113
1403715541862142976.000000 12.312124252 -1.411667347 -4.222051144 -0.060102101 0.449454457 0.151538163 0.878302097
1403715541962142976.000000 12.884684563 -1.391932011 -4.240534306 -0.059957385 0.453665733 0.126367658 0.880127132
1403715542312143104.000000 14.580350876 -1.625434399 -3.899447680 -0.012988525 0.411543906 0.075972646 0.908125043
1403715542462142976.000000 15.077645302 -1.797684193 -3.619493246 0.027977807 0.368861765 0.083004296 0.925347805
1403715542912143104.000000 15.929267883 -2.174757481 -2.935719252 0.023728305 0.296591401 0.100457571 0.949409723
1403715543762143232.000000 16.576038361 -1.775887012 -2.584334612 0.053644154 0.314445645 0.085258618 0.943915904
1403715544012143104.000000 16.431957245 -1.458375931 -2.793946028 0.035719533 0.374254674 0.064609721 0.924382627
1403715544162142976.000000 16.166910172 -1.213003755 -2.924472809 0.020282643 0.418475598 0.093344659 0.903190792
1403715544362142976.000000 15.707918167 -0.748712063 -3.051074266 0.009542516 0.487541437 0.156887099 0.858835697
1403715544462142976.000000 15.442402840 -0.432161093 -3.093373299 0.010214913 0.521802545 0.185122877 0.832674801
1403715544762143232.000000 14.488576889 0.288309336 -3.239656925 0.016764836 0.593587220 0.211121067 0.776402712
1403715544962142976.000000 13.756710052 0.332327604 -3.500876427 0.018180801 0.604076028 0.206985712 0.769362450
1403715545112143360.000000 13.138456345 0.264216661 -3.709579468 0.005467407 0.608064771 0.214855373 0.764241219
1403715545262143232.000000 12.527391434 0.263042688 -3.902205467 -0.003941229 0.620783210 0.224232092 0.751220763
1403715545412143104.000000 11.896504402 0.322674274 -4.044512749 -0.001154765 0.634457231 0.240471154 0.734599411
1403715545562142976.000000 11.269649506 0.368706226 -4.196267605 0.016514247 0.637974679 0.265824795 0.722532213
1403715545712143104.000000 10.658981323 0.390589952 -4.400520325 0.028094450 0.637378991 0.279499710 0.717522562
1403715545862142976.000000 10.054687500 0.463569164 -4.665296555 0.023599250 0.632244289 0.272933066 0.724719107
1403715546012143104.000000 9.438558578 0.519374847 -4.970957756 0.008163953 0.617128193 0.249505371 0.746212602
1403715546162142976.000000 8.818984032 0.587397933 -5.288246155 0.000424287 0.583287060 0.223717630 0.780849814
1403715546312143104.000000 8.203993797 0.625818193 -5.612848282 -0.001389562 0.531779885 0.203629076 0.822036147
1403715546512143104.000000 7.380520344 0.668598354 -6.065495491 -0.002482847 0.450398356 0.177361980 0.875030220
1403715546762143232.000000 6.363085747 0.696146786 -6.586762428 -0.026899068 0.341253191 0.137629852 0.929451883
1403715547062142976.000000 5.322368145 0.731379151 -7.126376629 -0.056767222 0.208318725 0.085644551 0.972648859
1403715547312143104.000000 4.561180592 0.659944713 -7.320784092 -0.057604115 0.108897097 0.027545324 0.992000222
1403715547612143360.000000 3.618702412 0.498781025 -7.170260906 -0.072584011 0.002320789 -0.016965512 0.997215331
1403715547962142976.000000 2.441532612 0.138928890 -6.425640106 -0.061938554 -0.121885084 -0.070585579 0.988091767
1403715548312143104.000000 1.093134761 -0.399228096 -5.204340458 0.006942268 -0.174133331 -0.084149532 0.981095433
1403715548662142976.000000 -0.465795398 -0.730185628 -3.916662455 0.004765532 -0.169403285 -0.072361492 0.982875168
1403715549012143104.000000 -2.115316629 -0.958616018 -2.723846436 0.006385626 -0.162534565 -0.058699422 0.984934568
1403715549412143104.000000 -3.968289614 -1.228860736 -1.524048328 0.047817390 -0.201237872 -0.049186807 0.977137446
1403715549612143360.000000 -4.748276711 -1.343455791 -1.053819776 0.020714598 -0.218898132 -0.028880069 0.975100219
1403715549812143104.000000 -5.351693153 -1.433885932 -0.597390711 0.005369048 -0.205853209 -0.001539087 0.978566945
1403715550012143104.000000 -5.778624058 -1.587988019 -0.099437468 0.001344716 -0.162193045 0.042968553 0.985822201
1403715550212143104.000000 -5.880261898 -1.787232518 0.426774591 -0.009412322 -0.087635919 0.062173638 0.994165897
1403715550412143104.000000 -5.675374985 -2.150696516 0.923187375 -0.011295961 -0.009303671 0.065878950 0.997720361
1403715550612143360.000000 -5.307656288 -2.576046705 1.424001217 -0.005025263 0.070915140 0.076985203 0.994494379
1403715550812143104.000000 -4.858642578 -2.886046886 1.965923071 -0.000998636 0.139255360 0.123323701 0.982546806
1403715551112143360.000000 -3.925429821 -3.061861038 2.769525051 0.005188080 0.243105277 0.176162124 0.953855276
1403715551462142976.000000 -2.262443781 -3.466105223 3.268806219 0.021466507 0.363649160 0.228865683 0.902728677
1403715551762143232.000000 -0.464716673 -3.663087845 3.282422304 0.040212002 0.481589139 0.224752650 0.846133113
1403715552262143232.000000 2.206677914 -3.648626328 2.474932909 0.053987008 0.649991035 0.214077413 0.727164328
1403715552562142976.000000 3.181342840 -3.544239759 1.778907537 0.056621920 0.741044223 0.221392214 0.631373942
1403715552762143232.000000 3.488959789 -3.448757648 1.328561306 0.070575006 0.794218302 0.247574762 0.550402641
1403715552962142976.000000 3.483330727 -3.308542728 0.873333454 0.077463225 0.836060703 0.288484603 0.460194051
1403715553162142976.000000 3.168774605 -3.116915464 0.367232084 0.087311484 0.866908848 0.322859347 0.369604707
1403715553462142976.000000 2.190973282 -2.793617725 -0.491444588 0.075721711 0.925188124 0.287882328 0.235408217
1403715554312143104.000000 -2.488514662 -1.890888691 -1.153293133 -0.038617712 0.898295999 0.424158186 0.107994668
1403715554412143104.000000 -2.971015930 -1.774986982 -1.266301274 -0.071197025 0.897459030 0.419736981 0.115408331
1403715554512143104.000000 -3.412416458 -1.607485294 -1.409872413 -0.136960581 0.906086981 0.377317816 0.133714452
1403715554562142976.000000 -3.603759766 -1.506069064 -1.485170484 -0.172638193 0.908621430 0.352488965 0.142669797
1403715554662142976.000000 -3.898652554 -1.287183523 -1.618028164 -0.231736720 0.910248339 0.305727661 0.155809730
1403715554812143104.000000 -4.033048153 -0.962481022 -1.706724882 -0.277767032 0.910301387 0.259407669 0.164025992
1403715556862142976.000000 0.873799443 -3.571966410 -0.157486916 -0.027489748 0.912590623 0.363070160 0.186018035
1403715556962142976.000000 0.662234783 -3.476557970 -0.278097749 -0.041243743 0.913521647 0.358000606 0.188713446
1403715557062142976.000000 0.482561648 -3.370152950 -0.401073217 -0.040540319 0.908585906 0.370242298 0.189073488
1403715557162142976.000000 0.331332028 -3.264437199 -0.544011712 -0.033718370 0.900443852 0.390770912 0.188048065
1403715557312143104.000000 0.148865968 -3.100920916 -0.824860692 -0.027020289 0.890994966 0.413727760 0.185006142
1403715557962142976.000000 -0.178465843 -2.045721769 -3.108946085 -0.031456959 0.918379486 0.357521325 0.166637883
1403715558112143360.000000 -0.138660431 -1.926823735 -3.739729404 -0.028191643 0.919216394 0.359158367 0.158907995
1403715558712143104.000000 0.271198988 -1.446366072 -6.325656891 -0.020306418 0.941717029 0.297410429 0.155896783
1403715558862142976.000000 0.434982061 -1.208923578 -6.746384144 -0.025103919 0.940602720 0.293271661 0.169198349
1403715558962142976.000000 0.534286022 -1.097306490 -6.980273247 -0.034997523 0.938323617 0.289456278 0.185846835
1403715559362142976.000000 0.982386589 -0.862277746 -7.440784454 -0.048641142 0.918680847 0.271330804 0.282912076
1403715559512143104.000000 1.163162708 -0.848149538 -7.422658920 -0.056461573 0.901167810 0.288055003 0.318956137
1403715559812143104.000000 1.591916084 -0.640099287 -7.138689518 -0.051814962 0.875030339 0.314248949 0.364533573
1403715559962142976.000000 1.861407280 -0.500421762 -6.930240631 -0.062118765 0.863927245 0.308758467 0.392987549
1403715560112143360.000000 2.174968243 -0.420197725 -6.696863174 -0.071821243 0.849214971 0.303004920 0.426454782
1403715560312143104.000000 2.722255230 -0.466261625 -6.335866451 -0.052396160 0.823925376 0.308663785 0.472364575
1403715560562142976.000000 3.509718418 -0.657301426 -5.870950699 -0.037652187 0.792412817 0.304762781 0.527052045
1403715560862142976.000000 4.556871891 -0.868558168 -5.285760403 -0.041869871 0.751171291 0.279892623 0.596362948
1403715561162142976.000000 5.700022697 -1.125843048 -4.633307934 -0.041719452 0.692666233 0.258114785 0.672197640
1403715561412143104.000000 6.687500000 -1.377236843 -4.029535294 -0.008420997 0.644567788 0.270847321 0.714914799
1403715561712143104.000000 7.928590775 -1.610907078 -3.434824467 -0.010996846 0.611901641 0.225461051 0.758038759
1403715562012143104.000000 9.042238235 -1.874894857 -2.812285185 0.013496364 0.567796886 0.170584902 0.805186510
1403715562312143104.000000 9.796934128 -2.193413496 -2.226265192 0.025918093 0.544007778 0.126592278 0.829070747
1403715562612143360.000000 10.015211105 -2.514993429 -1.508491278 -0.032349166 0.529090106 0.113411851 0.840330243
1403715562912143104.000000 9.873746872 -3.001709938 -0.503694773 -0.011690737 0.473448336 0.170482978 0.864086628
1403715563362142976.000000 9.457218170 -3.681577206 1.083971024 0.031817634 0.361370564 0.112406373 0.925074995
1403715564062142976.000000 7.774980545 -3.733686924 3.025463820 0.061013158 0.072228506 0.026899027 0.995156705
1403715564312143104.000000 6.908597946 -3.370775223 3.336088896 0.056511864 -0.046135239 0.014441038 0.997230887
1403715565062142976.000000 5.179853916 -3.650592566 2.694982767 0.039468363 -0.377785325 -0.157673329 0.911514997
1403715565512143104.000000 4.248814106 -4.158277035 1.718518734 0.054301180 -0.552852333 -0.175608724 0.812752962
1403715565712143104.000000 4.000909805 -4.233753204 1.327699661 0.057227340 -0.626396060 -0.192521676 0.753185511
1403715565912143104.000000 3.927408457 -4.280359745 0.820252419 0.049716920 -0.700884521 -0.228028342 0.674012005
1403715566112143360.000000 4.004543304 -4.339141369 0.352550507 0.047495276 -0.775313079 -0.255712450 0.575538874
1403715566312143104.000000 4.233670712 -4.397685528 -0.053329468 0.047639400 -0.835365772 -0.275985032 0.472997665
1403715566512143104.000000 4.547379971 -4.420268059 -0.367614746 0.049449541 -0.880877554 -0.289862901 0.370930016
1403715566762143232.000000 5.055193901 -4.289402485 -0.575664520 0.052145351 -0.920663178 -0.297910839 0.246798173
1403715566962142976.000000 5.565464020 -4.215836048 -0.623876572 0.043447331 -0.943168342 -0.303402275 0.128424585
1403715567112143360.000000 6.017640591 -4.191334724 -0.564101696 0.028901480 -0.949248850 -0.311974525 0.027626760
1403715567212143104.000000 6.354180813 -4.189623356 -0.505766213 -0.020843279 0.947356761 0.316551000 0.043315116
1403715567262143232.000000 6.491991043 -4.175101757 -0.448918551 -0.017974555 0.943282187 0.321633011 0.080298491
1403715567862142976.000000 8.327280045 -3.771875620 0.582914352 -0.026032649 0.828139424 0.291329205 0.478157610
1403715568262143232.000000 9.310221672 -3.482992411 1.514095306 -0.010291819 0.701526880 0.219654381 0.677868783
1403715568562142976.000000 9.784549713 -3.454915285 2.375511169 0.002601421 0.584453464 0.178992555 0.791434765
1403715568912143104.000000 9.986358643 -3.582297325 3.332898140 0.004318156 0.429165334 0.126395002 0.894328117
1403715569312143104.000000 9.753244400 -3.832045794 4.479163647 0.007777539 0.276720613 0.090518802 0.956646025
1403715569962142976.000000 8.820138931 -4.269033909 5.813778400 0.035158459 0.076409794 0.010790173 0.996398032
1403715570462142976.000000 7.463057041 -4.284558773 6.029463768 0.062989160 -0.145887703 -0.061377097 0.985384226
1403715571062142976.000000 5.812241554 -3.770072460 5.274403095 0.040952843 -0.425292581 -0.158291042 0.890164673
1403715571612143360.000000 4.759760857 -3.116056442 4.027105331 0.022279471 -0.490705580 -0.158677593 0.856465518
1403715571912143104.000000 4.429932117 -2.565357924 3.502165794 -0.106944755 -0.499148369 -0.119548373 0.851540923
1403715572162142976.000000 4.082001686 -2.287889719 3.666303158 -0.131535918 -0.477698773 -0.172748715 0.851269662
1403715572362142976.000000 3.584509373 -2.263498306 4.150547981 -0.022980290 -0.489101648 -0.230226487 0.840979934
1403715572612143360.000000 2.723709583 -2.272258759 4.693292141 0.059300613 -0.544521391 -0.238627389 0.801895797
1403715572862142976.000000 1.873931408 -2.205184460 4.931859493 0.056063142 -0.607472301 -0.254593790 0.750344157
1403715573112143360.000000 1.067370415 -2.267014503 4.818039894 0.045934256 -0.673968434 -0.253483266 0.692389309
1403715573312143104.000000 0.509414196 -2.402748823 4.590986252 0.032681458 -0.722012579 -0.260660261 0.640067220
1403715573512143104.000000 0.030111790 -2.538742304 4.368630886 0.007337270 -0.765245020 -0.270277619 0.584205747
1403715573712143104.000000 -0.473188877 -2.644687653 4.210019112 0.003077949 -0.796811163 -0.293402344 0.528202176
1403715573862142976.000000 -0.865248203 -2.724798679 4.117381573 0.010053628 -0.812446833 -0.326665163 0.482823879
1403715574012143104.000000 -1.251461029 -2.796832561 3.951665878 0.007320650 -0.830718398 -0.351887226 0.431310445
1403715574162142976.000000 -1.673573017 -2.860516548 3.753074169 0.002514324 -0.853535473 -0.366348892 0.370485365
1403715574312143104.000000 -2.154381752 -2.883782625 3.526645184 0.024408052 -0.881197929 -0.358952343 0.306671977
1403715574562142976.000000 -2.969609737 -2.886575699 3.017748833 0.077336989 -0.901688397 -0.356100261 0.232743785
1403715574812143104.000000 -3.546369076 -2.773131371 2.413492203 0.076112561 -0.907238185 -0.368165046 0.188627183
1403715575012143104.000000 -3.827311039 -2.687326431 1.799928784 0.043788370 -0.917160988 -0.355594128 0.174502537
1403715575212143104.000000 -4.042918205 -2.592020512 1.129932761 0.051506124 -0.930659115 -0.316799074 0.175667539
1403715575412143104.000000 -4.157598019 -2.508471012 0.530788481 0.058677625 -0.928826988 -0.313895196 0.187902257
1403715575612143360.000000 -4.132365704 -2.439753771 -0.010934830 0.083179511 -0.919629157 -0.324870110 0.204506233
1403715575812143104.000000 -3.926268816 -2.399724245 -0.550111055 0.112941347 -0.914327085 -0.322765201 0.216962859
1403715576012143104.000000 -3.454869032 -2.349082232 -1.108187437 0.082171455 -0.914706945 -0.325761378 0.224585399
1403715576212143104.000000 -2.823193550 -2.265990019 -1.665973425 0.048589539 -0.917872548 -0.322447002 0.226223275
1403715576612143360.000000 -1.337483883 -2.201989651 -2.662289381 0.059467368 -0.934868872 -0.269120038 0.223737016
1403715576912143104.000000 0.042002559 -2.281426430 -3.031095982 0.056869242 -0.919595122 -0.296153337 0.251801282
1403715577162142976.000000 1.344161034 -2.415597916 -3.166299582 0.022377238 -0.907914758 -0.309320003 0.281977326
1403715577412143104.000000 2.662679911 -2.319060802 -3.142890692 0.015672617 -0.901094258 -0.306312412 0.306522757
1403715577612143360.000000 3.668368101 -2.135188580 -3.015060902 0.021847185 -0.897957623 -0.308380365 0.313203394
1403715577812143104.000000 4.658820629 -2.139459133 -2.901468992 0.007480032 -0.897592187 -0.307424188 0.315852344
1403715578062142976.000000 5.829103470 -2.037086487 -2.617749929 -0.027908288 -0.887363732 -0.303178370 0.346250772
1403715578312143104.000000 6.773013115 -1.744047880 -2.141679287 -0.068664052 -0.854727685 -0.308254033 0.411953151
1403715578612143360.000000 7.334522247 -1.445897818 -1.344531059 -0.033369649 -0.793230355 -0.341100305 0.503311813
1403715578862142976.000000 7.495018482 -1.148660421 -0.764093399 -0.039278477 -0.744716823 -0.389895201 0.540218294
1403715579012143104.000000 7.325510025 -0.972624302 -0.574350357 -0.005880659 -0.745287478 -0.378535241 0.548837900
1403715579312143104.000000 6.731019974 -0.740277529 -0.731821060 0.109134175 -0.753466368 -0.348947614 0.546455622
1403715579512143104.000000 6.436534405 -0.498736143 -1.262773991 0.096864089 -0.755130529 -0.343791872 0.549729347
1403715579712143104.000000 6.247402668 -0.187767744 -2.000799656 0.068559065 -0.765825152 -0.329659820 0.547846615
1403715580212143104.000000 6.088450909 0.588186026 -4.613423347 0.049364030 -0.755473137 -0.281885922 0.589375794
1403715580462142976.000000 6.111382961 1.218222022 -5.951571465 0.022333285 -0.718881249 -0.242007270 0.651262999
1403715580712143104.000000 6.200234413 1.737169981 -7.178562641 -0.025139954 -0.690580249 -0.210694611 0.691429555
1403715580962142976.000000 6.275804520 2.124258995 -8.130937576 -0.087682299 -0.680427313 -0.180981770 0.704681575
1403715581362142976.000000 6.036330223 2.263979435 -8.612511635 -0.064365551 -0.669838011 -0.213026360 0.708374083
1403715581712143104.000000 5.445796490 2.220578194 -8.392267227 0.019705838 -0.710901618 -0.271566689 0.648445904
1403715582212143104.000000 4.607627869 2.130499840 -8.343242645 0.057911702 -0.813158154 -0.275874764 0.509227991
1403715582462142976.000000 4.379764557 2.246658325 -8.405968666 0.046335336 -0.816488147 -0.303919822 0.488705367
1403715582712143104.000000 4.200591087 2.292499542 -8.541144371 0.030033633 -0.804680824 -0.330695957 0.492165685
1403715583162142976.000000 3.655653000 2.675559044 -9.116011620 0.012271696 -0.782946348 -0.345757395 0.517007053
1403715583412143104.000000 3.129953384 3.041199207 -9.639013290 0.034258295 -0.810805023 -0.263135374 0.521710157
1403715583662142976.000000 2.749675751 3.406850815 -10.055657387 0.070188001 -0.834505320 -0.185674936 0.514003277
1403715583912143104.000000 2.909726143 3.645565987 -10.171072960 0.110865444 -0.848383129 -0.122645624 0.502904415
1403715584312143104.000000 4.742330551 2.917988777 -9.392189980 -0.003987873 -0.832180679 -0.226931915 0.505926311
1403715584612143360.000000 6.394877434 2.293891430 -8.217089653 -0.036563963 -0.807146907 -0.302786678 0.505467296
1403715584912143104.000000 7.638507366 1.729898691 -7.007644653 -0.001582141 -0.787138999 -0.349051416 0.508500516
1403715585212143104.000000 8.477357864 1.227358580 -6.099120617 -0.014685828 -0.763095975 -0.393791109 0.512247384
1403715585562142976.000000 8.789709091 0.801395655 -5.739165783 0.021043004 -0.785163581 -0.354163975 0.507585704
1403715585862142976.000000 8.804540634 0.759304285 -5.768798828 0.023051633 -0.793903351 -0.340281546 0.503383100
1403715586312143104.000000 8.455575943 1.063354969 -5.911791801 0.017295429 -0.817219198 -0.273294687 0.507113099
1403715586662142976.000000 8.257997513 1.079545021 -5.936822414 0.073407240 -0.817417383 -0.266306072 0.505491138
1403715587312143104.000000 8.740962982 0.981458902 -6.011786461 0.035990920 -0.809602022 -0.285771906 0.511452377
1403715587762143232.000000 9.175781250 0.686150789 -6.010093212 -0.024357308 -0.802036822 -0.259615451 0.537348449
1403715588162142976.000000 9.299880028 0.275082827 -5.401696205 0.020765370 -0.719205320 -0.219600782 0.658853590
1403715588512143104.000000 9.622918129 0.335011005 -4.429345131 0.039241020 -0.628831983 -0.175969601 0.756349981
1403715589062142976.000000 10.769557953 0.558586121 -2.742340088 -0.037418149 -0.458407611 -0.204336151 0.864123285
1403715589362142976.000000 10.997275352 0.348074794 -1.764785767 -0.060866304 -0.387411863 -0.195262536 0.898932636
1403715589912143104.000000 9.857715607 -1.232887268 0.348463535 -0.007452790 -0.337476343 -0.153423265 0.928717136
1403715590412143104.000000 7.954222679 -3.005201817 2.279325485 0.028535517 -0.365133017 -0.178802103 0.913177669
1403715590812143104.000000 6.117674828 -4.008237362 3.265841007 0.019930698 -0.478609025 -0.223022774 0.848997712
1403715591212143104.000000 3.962804794 -4.858353615 3.759708405 0.028095802 -0.616905034 -0.267431974 0.739674866
1403715591612143360.000000 1.761736393 -5.380195618 3.862197399 0.042842116 -0.730527699 -0.330698729 0.595929682
1403715592012143104.000000 -0.412599564 -5.063199043 3.545911551 0.068880349 -0.809735656 -0.355691284 0.461592376
1403715592412143104.000000 -2.138806820 -4.208346367 2.637922764 0.117290825 -0.874784291 -0.356054664 0.306953400
1403715593062142976.000000 -2.512634516 -3.081112385 -0.286677241 0.047129795 -0.932111382 -0.357973099 0.028328499
1403715593562142976.000000 -1.702442884 -2.145384073 -2.666286707 -0.071982399 0.920793831 0.334427685 0.187391043
1403715594662142976.000000 1.996410847 -1.031245232 -5.088512421 -0.080289900 0.752371490 0.245790333 0.605869412
1403715595062142976.000000 3.850154638 -1.091365099 -4.738860130 -0.071869642 0.618784606 0.263289511 0.736626744
1403715595962142976.000000 9.006404877 -1.286726356 -3.365746975 0.050044905 0.360958517 -0.005610932 0.931221247
1403715596512143104.000000 9.026762962 -1.896125197 -3.222426414 -0.033441670 0.242367566 0.048645899 0.968386889
1403715596912143104.000000 8.073304176 -2.507750750 -2.942295074 -0.131697193 0.145378381 0.076956779 0.977547288
1403715597562142976.000000 7.493344307 -4.354413509 0.161031574 0.011903706 0.058559291 0.053871274 0.996758282
1403715597962142976.000000 7.555001259 -5.374581337 2.354158878 0.031866074 -0.021659860 0.007821495 0.999226809
1403715598312143104.000000 7.699121475 -6.089209080 4.020097256 0.072616778 -0.030161098 -0.005756768 0.996887147
1403715598612143360.000000 7.838869572 -6.269919395 5.014274120 0.138461441 -0.029856754 0.014380623 0.989813209
1403715598862142976.000000 8.042663574 -6.122374535 5.238349915 0.068088733 -0.020839088 0.002867714 0.997457504
1403715599112143360.000000 8.205521584 -5.779864311 5.224364758 0.035625219 -0.014645836 -0.007724769 0.999228060
1403715599412143104.000000 8.372170448 -5.197221756 5.099424362 0.016335201 -0.025040386 0.022527633 0.999299109
1403715599712143104.000000 8.674770355 -4.580889702 4.914100647 0.031089079 -0.035444107 0.053293269 0.997465312
1403715600062142976.000000 9.411303520 -3.816003561 4.566903591 0.021385022 -0.013811438 -0.001021360 0.999675393
1403715600412143104.000000 9.952905655 -3.023736954 4.078258514 0.011645433 -0.056472741 -0.095592573 0.993749142
1403715600762143232.000000 9.783898354 -2.341805458 3.525843382 -0.025765309 -0.203244016 -0.099738508 0.973694146
1403715601262143232.000000 8.990272522 -2.402318716 2.851980448 0.006793954 -0.323310196 -0.151266307 0.934100032
1403715602012143104.000000 6.874803543 -3.082601309 1.674898863 0.050170537 -0.326915443 -0.122102275 0.935788572
1403715602412143104.000000 5.825916290 -3.128573418 0.831853986 0.048015408 -0.248587042 -0.078324325 0.964242876
1403715602862142976.000000 4.965622425 -2.713491440 -0.287489772 0.010993452 -0.121359803 -0.060733225 0.990687847
1403715603512143104.000000 3.373815775 -1.288219333 -1.415659785 -0.012969150 0.013401317 0.003821212 0.999818802
1403715604062142976.000000 2.183415890 -0.661901832 -2.099129200 -0.042295396 0.012502695 0.060096256 0.997217715
1403715604562142976.000000 1.803615689 -0.530129135 -2.153605700 -0.016829416 0.029277477 0.017252343 0.999280751
1403715605362142976.000000 1.116619468 -0.613877356 -1.620678067 0.004600306 0.023127340 0.018089857 0.999558270
1403715606012143104.000000 0.671173215 -0.457327783 -0.929003298 0.009364750 0.016871760 0.007229284 0.999787688
1403715606512143104.000000 0.366003901 -0.297824830 -0.390927166 0.011684972 0.000797615 0.019848151 0.999734402
1403715607062142976.000000 0.226072341 -0.250553697 0.023156855 0.029283822 -0.007222982 0.009311900 0.999501705
1403715607462142976.000000 0.205706343 -0.086404584 0.117027447 0.020695359 -0.004324337 -0.002762587 0.999772668
1403715607762143232.000000 0.113605604 -0.012548634 0.067630559 0.017488953 -0.000391860 -0.002730320 0.999843240
1403715608062142976.000000 0.036999390 0.076308265 0.043197040 0.014598734 -0.001345473 -0.009350359 0.999848843
1403715608362142976.000000 0.037112366 0.081628814 0.046187770 0.011472748 -0.001860841 -0.007949528 0.999900877
