1413393889605760512.000000 3.320212603 1.136312246 -3.875098228 -0.615245223 -0.541213453 -0.421476573 0.388482690
1413393892405760512.000000 2.588694572 0.339262635 -3.454183578 -0.618264735 -0.542239189 -0.430811733 0.371653914
1413393895255760384.000000 2.355195522 1.748708487 -3.448945522 -0.612295628 -0.529275239 -0.432870835 0.396969199
1413393895655760384.000000 2.538924217 2.179522753 -3.523744583 -0.617900550 -0.515497983 -0.445295930 0.392647773
1413393895755760384.000000 2.586219549 2.272655964 -3.541162968 -0.623122990 -0.504001141 -0.456862867 0.385975331
1413393897405760512.000000 3.127653122 2.672608614 -3.474257708 -0.818540514 -0.142161086 -0.556349516 0.016028581
1413393899555760384.000000 3.760404348 3.595186472 -3.127091169 -0.686027110 0.006624233 -0.727452815 0.011637375
1413393900855760384.000000 3.301074028 3.117843866 -3.171019554 -0.723268688 -0.002711050 -0.690542638 -0.005089624
1413393901255760384.000000 3.070309162 2.942126751 -3.309315205 0.850723445 -0.011705915 0.525144100 -0.018878292
1413393904005760512.000000 4.910747051 3.434948444 -3.116823435 0.780170262 -0.196607262 0.592030048 0.046695583
1413393905005760512.000000 5.338527679 3.059526920 -2.999659777 0.791984677 -0.254916489 0.513304949 0.210465953
1413393907705760512.000000 5.905398369 2.149213314 -3.600233316 0.556905329 -0.585577786 0.408679277 0.424189270
1413393909855760384.000000 6.051391602 2.882737398 -3.919633150 0.558352351 -0.628387988 0.341864526 0.420118749
1413393910305760512.000000 6.145247459 2.931749105 -4.068645954 0.555087209 -0.661085844 0.313235790 0.395887643
1413393910655760384.000000 6.205892086 2.692229033 -4.042258263 0.543464065 -0.682396412 0.328929245 0.361645669
1413393910855760384.000000 6.198908329 2.455692053 -4.060588837 0.541398287 -0.661081374 0.357100010 0.377278268
1413393912255760384.000000 5.992600441 0.810162544 -4.039780140 0.555431306 -0.663599312 0.362193495 0.346335024
1413393912355760384.000000 5.967273235 0.689591110 -3.975809336 0.553230464 -0.666673839 0.359486967 0.346772581
1413393912455760384.000000 5.931719780 0.550717115 -3.906701326 0.544165671 -0.658965230 0.370402396 0.363937706
1413393912555760384.000000 5.888007164 0.399912000 -3.839001417 0.533716500 -0.645570993 0.386360466 0.386148185
1413393913655760384.000000 5.126385689 -0.987448871 -3.758153439 0.314456165 -0.720402360 0.342879623 0.514365137
1413393913805760512.000000 4.960816860 -1.062180638 -3.751281261 0.267121345 -0.730087936 0.309595644 0.547511160
1413393913905760512.000000 4.848718166 -1.087131023 -3.740186691 0.236300647 -0.738709629 0.287736893 0.561851919
1413393914605760512.000000 4.235957146 -0.875412881 -3.587116241 0.062374946 -0.806727350 0.071185879 0.583294988
1413393917505760512.000000 2.307475805 -0.587225378 -3.004958153 -0.418536872 -0.712301552 -0.223493487 0.517208040
1413393917655760384.000000 2.285184860 -0.587707043 -3.002260685 -0.474657208 -0.686950147 -0.262783915 0.483471483
1413393918655760384.000000 2.472229004 -0.369986027 -3.014090776 -0.745161355 -0.364738584 -0.468007803 0.304416120
1413393918755760384.000000 2.543805838 -0.346702009 -3.004744768 -0.762445152 -0.316453934 -0.488343745 0.282939583
1413393919355760384.000000 3.065662861 -0.410713285 -2.941698551 -0.771518886 0.002534849 -0.630033791 0.088372663
1413393922255760384.000000 2.398116350 -1.850976944 -4.252165318 0.821037352 -0.082123123 0.559839308 0.075718999
1413393922455760384.000000 2.414729595 -1.826996326 -4.363143444 0.847270072 -0.095466822 0.518355131 0.065784253
1413393923005760512.000000 2.699967384 -1.858004212 -4.559008598 0.838232934 -0.106083594 0.532019973 0.055376478
1413393923355760384.000000 3.040430546 -1.957423210 -4.540608883 0.838663995 -0.102652751 0.530839920 0.065681234
1413393923505760512.000000 3.233035088 -2.000130177 -4.518863678 0.825167418 -0.110696085 0.553604484 0.019166071
1413393924805760512.000000 4.868693829 -2.297773600 -4.225531578 -0.726191103 -0.335288644 -0.598815680 0.040593453
1413393924905760512.000000 4.914528370 -2.190615892 -4.163294315 -0.736017227 -0.316257000 -0.595587313 0.059464090
1413393927855760384.000000 6.115571976 1.269595027 -2.959754467 -0.623635054 -0.515461624 -0.512429595 0.287740588
1413393928105760512.000000 6.155164719 1.519956231 -2.821713448 -0.604174137 -0.520010769 -0.526354313 0.295826823
1413393928655760384.000000 5.898407459 2.030431509 -2.698721170 -0.636899590 -0.456532329 -0.493597209 0.377225429
1413393930155760384.000000 4.507620811 2.386374950 -2.413932800 -0.804622948 -0.130813539 -0.554046869 0.168824866
1413393930955760384.000000 3.851358414 2.225741863 -2.701409101 -0.793696165 -0.130901128 -0.579856932 0.129140556
1413393933005760512.000000 3.262558222 0.929016054 -3.444554806 -0.785702825 -0.170411363 -0.586801827 0.096408531
1413393935905760512.000000 2.815517187 -0.778990984 -3.943684340 -0.660327196 -0.516481102 -0.488343328 0.242355436
1413393936105760512.000000 2.794538498 -0.722937524 -3.914626837 -0.644557893 -0.530069649 -0.449744642 0.318278491
1413393936205760512.000000 2.768430233 -0.679948330 -3.896963358 -0.633372962 -0.538465083 -0.421325982 0.362461686
1413393936355760384.000000 2.729343176 -0.603841245 -3.867294788 -0.608360767 -0.563348830 -0.375042111 0.414582551
1413393939105760512.000000 2.996386290 -0.911165893 -3.394394398 -0.090209872 -0.779638588 -0.066974662 0.616068542
1413393939555760384.000000 3.203993320 -1.231402278 -3.427103519 -0.071246311 -0.868849456 -0.001061089 0.489921898
1413393939855760384.000000 3.193825006 -1.373554468 -3.497804403 -0.072051071 -0.875137269 -0.013582528 0.478287429
1413393940205760512.000000 3.020050049 -1.461102605 -3.522065878 -0.076488435 -0.708782554 -0.020952713 0.700954974
1413393940605760512.000000 3.176767349 -1.522717953 -3.561061859 -0.098429345 -0.850708723 -0.003021227 0.516330481
1413393941005760512.000000 3.204381227 -1.397229195 -3.496536493 -0.113329999 -0.823293805 -0.012794579 0.556039572
1413393943105760512.000000 3.171957493 0.031964809 -3.272886276 -0.083388992 -0.848729968 -0.060793541 0.518659770
1413393945355760384.000000 2.994055986 0.565977514 -3.082621098 -0.250797302 -0.714603722 -0.221262187 0.614398420
1413393946955760384.000000 3.121576548 0.390646905 -3.250851393 -0.621807039 -0.561883628 -0.417841971 0.350786269
1413393949705760512.000000 2.695484638 -0.079050697 -3.505621910 0.793186605 -0.041358776 0.605819762 -0.046119891
1413393952405760512.000000 2.828495026 -1.861561894 -3.778011322 0.808233261 -0.085183896 0.579310358 0.062467504
1413393954155760384.000000 3.600739002 -2.088433266 -3.693377972 -0.816303551 -0.043888256 -0.575653613 0.018582245
1413393955805760512.000000 4.873809814 -1.653874755 -3.548925877 -0.717786729 -0.344840080 -0.572603822 0.194916397
1413393956155760384.000000 5.083162785 -1.447903514 -3.597055197 -0.733755469 -0.376412749 -0.508471429 0.247736320
1413393956555760384.000000 5.242440701 -1.161768436 -3.591202259 -0.666045249 -0.442213833 -0.500681579 0.331886649
1413393956955760384.000000 5.341823578 -0.913049161 -3.589784145 -0.614662111 -0.545604050 -0.409262955 0.396245748
1413393957655760384.000000 5.525236607 -0.441952974 -3.579384089 -0.426112026 -0.689432442 -0.297327042 0.504686058
1413393960155760384.000000 5.622757912 0.231280088 -4.019556522 -0.317707181 -0.763359070 -0.219553977 0.517823577
1413393960955760384.000000 5.528137207 0.233457476 -4.246428490 -0.217608273 -0.805111170 -0.142047361 0.533165336
1413393961405760512.000000 5.362619400 0.280035049 -4.323890209 -0.198060215 -0.733909249 -0.120008714 0.638550937
1413393961705760512.000000 5.380059719 0.296006978 -4.217944622 -0.187716335 -0.772248447 -0.141606793 0.590205371
1413393962105760512.000000 5.494864941 0.251743257 -3.859016180 -0.191776052 -0.800943375 -0.138131112 0.550119460
1413393962555760384.000000 5.528663635 0.192404464 -3.322255135 -0.209128246 -0.838849247 -0.129222721 0.485694110
1413393962705760512.000000 5.494906902 0.192407444 -3.210937977 -0.227784038 -0.836343765 -0.156292677 0.473514766
1413393962855760384.000000 5.425528526 0.204970837 -3.118280888 -0.249157548 -0.811018467 -0.211042106 0.485418051
1413393963005760512.000000 5.326404095 0.214755774 -3.047099829 -0.280639142 -0.777239203 -0.269595444 0.494428307
1413393963205760512.000000 5.155849934 0.201320887 -2.992202997 -0.344044000 -0.727045119 -0.324039191 0.498033881
1413393963355760384.000000 5.006852150 0.165919632 -2.981192350 -0.399479926 -0.686853647 -0.344871223 0.499711603
1413393965255760384.000000 3.078510761 -1.241917610 -3.783345461 -0.807007611 -0.317092925 -0.400657386 0.296081960
1413393965405760512.000000 3.110332966 -1.368879080 -3.795283556 -0.816855252 -0.331069797 -0.405281633 0.242666781
1413393965555760384.000000 3.201509953 -1.460017562 -3.785553694 -0.790442228 -0.377774924 -0.449157238 0.175342277
1413393966955760384.000000 3.491463423 -0.568666101 -3.474929333 -0.699726462 -0.344379365 -0.575773895 0.245499834
1413393969855760384.000000 2.433011770 0.539091170 -3.709806204 0.808984160 -0.130293176 0.573183835 -0.005355436
1413393972555760384.000000 1.632669926 1.052658558 -3.483113050 0.824028611 -0.096243441 0.552371025 0.081241906
1413393973455760384.000000 1.339442253 1.194309950 -3.582524776 0.764562249 -0.077297673 0.630047381 0.111847587
1413393973705760512.000000 1.232901812 1.369880557 -3.612281084 0.751843452 -0.086375333 0.648268700 0.083776116
1413393974005760512.000000 0.989571393 1.600567460 -3.645912886 0.807281256 -0.164017901 0.565158904 -0.044616390
1413393974155760384.000000 0.853872180 1.642948627 -3.647313118 0.858857214 -0.170191005 0.479909778 -0.055550374
1413393974405760512.000000 0.754275918 1.556244493 -3.592063189 0.910014033 -0.099707671 0.400649071 0.037594367
1413393974555760384.000000 0.826902866 1.467448950 -3.530828476 0.905753732 -0.048933923 0.410244793 0.094419122
1413393974705760512.000000 0.994686246 1.399474144 -3.457133293 0.873755753 -0.013158453 0.469619066 0.125840187
1413393975155760384.000000 1.680511832 1.426682949 -3.367404461 0.788717151 -0.050795875 0.609072566 0.066148795
1413393978105760512.000000 2.934110641 2.309536695 -3.328784704 0.815048993 -0.062662594 0.573263466 0.056013905
1413393980805760512.000000 2.387534857 1.623559117 -3.263953686 0.612764001 -0.547342777 0.403211802 0.402934909
1413393982905760512.000000 2.509053469 -0.933021069 -3.166050434 0.800138891 -0.189847529 0.537450314 0.186769664
1413393983055760384.000000 2.620782614 -1.068456769 -3.169414043 0.816896558 -0.108474120 0.548506021 0.141613990
1413393983955760384.000000 3.330509186 -1.077465057 -3.142212391 -0.752304733 -0.302184165 -0.573215485 0.118938923
1413393984305760512.000000 3.397383928 -0.719967484 -3.077028990 -0.689997911 -0.415678144 -0.556035757 0.204789907
1413393985055760384.000000 2.955554962 0.232217774 -3.011139154 -0.696087062 -0.436098814 -0.457361192 0.340736687
1413393987655760384.000000 2.730486870 2.087284565 -3.222096205 0.807081878 -0.108553387 0.572627127 0.094515897
1413393990205760512.000000 3.721420288 3.548017740 -3.253224134 0.716143429 -0.343412191 0.567812085 0.216324285
1413393992755760384.000000 3.599594593 3.341113567 -3.190599918 0.624143839 -0.481651336 0.498634040 0.360306114
1413393993605760512.000000 3.481638908 3.415568829 -3.138249397 0.682456672 -0.503953099 0.411344022 0.333287060
1413393994455760384.000000 3.624151468 3.622467041 -3.089683533 0.633812904 -0.506196380 0.487245053 0.323479295
1413393994755760384.000000 3.578114271 3.893454552 -3.149502516 0.703428686 -0.566566944 0.354313135 0.242182091
1413393995255760384.000000 3.608353615 3.825879097 -3.258436203 0.632936597 -0.516497731 0.477840155 0.322940022
1413393995605760512.000000 3.606042385 3.692588568 -3.363953829 0.671663105 -0.449141502 0.526331842 0.264793247
1413393996055760384.000000 3.466237545 3.520992279 -3.440016985 0.737153530 -0.263678938 0.588658929 0.201392204
1413393996405760512.000000 3.251704216 3.453094006 -3.508227110 0.773052931 -0.223178461 0.576148450 0.143643335
1413393996805760512.000000 2.971966267 3.377910137 -3.665637970 0.802990675 -0.207541719 0.542001665 0.135523364
1413393997005760512.000000 2.867831945 3.335927963 -3.725297689 0.808601022 -0.178970546 0.545289457 0.129589573
1413393997455760384.000000 2.728504181 3.251513481 -3.817887306 0.804278851 -0.144438446 0.564902484 0.114709944
1413393997855760384.000000 2.654286146 3.218770027 -3.965625763 0.802344680 -0.141242772 0.568627238 0.113827348
1413393998105760512.000000 2.623271942 3.228523493 -4.017399311 0.805441201 -0.144695312 0.562441766 0.118266962
1413393998505760512.000000 2.615054131 3.289619684 -4.057271957 0.805905879 -0.165595964 0.556446075 0.116023943
1413393999005760512.000000 2.651764870 3.361749649 -4.080786705 0.793260276 -0.179231286 0.572949827 0.101700306
1413393999355760384.000000 2.665155411 3.379999876 -4.129511356 0.805857778 -0.171057746 0.555131972 0.114721909
1413393999805760512.000000 2.725968361 3.383691549 -4.195894718 0.795149386 -0.194978118 0.568044722 0.083941914
1413394000205760512.000000 2.752486944 3.350052118 -4.231952190 0.786621571 -0.165713459 0.579869032 0.132353663
1413394000505760512.000000 2.745313168 3.348461390 -4.255210876 0.785751283 -0.181449100 0.577645242 0.126480013
1413394000955760384.000000 2.746094942 3.347251177 -4.254104137 0.783573687 -0.181843325 0.580627918 0.125764117
1413394001455760384.000000 2.746647358 3.346730232 -4.254366875 0.783361852 -0.182364598 0.580884635 0.125141591
1413394001955760384.000000 2.745585918 3.347397327 -4.254618645 0.783286333 -0.182669535 0.581018567 0.124546126
1413394002455760384.000000 2.745683908 3.347378254 -4.254617691 0.783194602 -0.182953358 0.581090093 0.124372743
1413394002955760384.000000 2.745439529 3.347583771 -4.254412651 0.783220470 -0.183242992 0.581010699 0.124154143
