1413393889605760512.000000 2.494589090 1.101314902 1.446491957 -0.568480492 -0.591284037 -0.387334287 0.420933843
1413393892555760384.000000 1.869539380 -0.015907785 1.860701919 -0.575661242 -0.593918383 -0.395649731 0.399169803
1413393892705760512.000000 1.825712681 -0.210610151 1.833342314 -0.585070491 -0.602269232 -0.384483099 0.383584499
1413393895405760512.000000 1.484915972 1.726061344 1.850224614 -0.563155711 -0.576554537 -0.402011693 0.434542388
1413393895655760384.000000 1.556886196 2.001094580 1.791174531 -0.573163033 -0.565471768 -0.410808563 0.427740723
1413393895755760384.000000 1.588454127 2.101386309 1.773472905 -0.579315424 -0.554451406 -0.422887564 0.422070563
1413393898555760384.000000 2.548574924 3.281894684 2.000364780 -0.726959705 -0.044266649 -0.677635252 0.101885550
1413393901505760512.000000 1.889577508 2.690062761 1.962635875 -0.880218744 -0.077244818 -0.467457473 0.027053552
1413393901805760512.000000 2.012901068 2.597830296 1.972208500 -0.836061120 -0.101504691 -0.539164543 0.000530052
1413393904605760512.000000 3.986811876 3.520533323 2.243110180 0.804622233 -0.134564728 0.575197637 0.060192939
1413393905005760512.000000 4.172777176 3.327255726 2.309450150 0.810635269 -0.187705070 0.529004455 0.166708440
1413393905155760384.000000 4.275304317 3.266651869 2.300946712 0.783238947 -0.221159145 0.546454132 0.197517946
1413393907955760384.000000 4.912955761 2.538557768 1.633682609 0.595981479 -0.537842751 0.453075290 0.387626201
1413393909955760384.000000 4.906731129 3.307924032 1.348352432 0.610987365 -0.587946296 0.365177661 0.384264171
1413393910205760512.000000 4.954131603 3.348795652 1.254276037 0.609317183 -0.606519520 0.349841535 0.372125924
1413393910605760512.000000 5.069792271 3.156111717 1.268289328 0.599591672 -0.637871861 0.352654308 0.330521435
1413393910855760384.000000 5.113932610 2.874720812 1.252408624 0.594898105 -0.613277018 0.387724906 0.345914751
1413393911955760384.000000 5.163481712 1.497554064 1.106971979 0.598362446 -0.558219492 0.429660231 0.381766230
1413393912205760512.000000 5.186495781 1.277577043 1.239967823 0.608073235 -0.610548377 0.395049334 0.318455309
1413393912355760384.000000 5.182120800 1.100581288 1.334698439 0.607114196 -0.617473423 0.387677342 0.315982938
1413393912705760512.000000 5.120117664 0.562916040 1.545956016 0.577857494 -0.580946982 0.432882845 0.375757694
1413393912805760512.000000 5.091377735 0.402747124 1.582547426 0.574760616 -0.569860101 0.438297689 0.390902758
1413393914355760384.000000 3.943128824 -0.788186550 1.661361575 0.205586582 -0.770890355 0.166092336 0.579547822
1413393914505760512.000000 3.825778246 -0.741825640 1.699182272 0.162018523 -0.792058587 0.131929249 0.573574662
1413393914905760512.000000 3.539229393 -0.594033539 1.809951305 0.039706793 -0.818337500 0.084166937 0.567153394
1413393917805760512.000000 1.783159971 -0.730854928 2.290034294 -0.460466087 -0.691567004 -0.280098885 0.480885357
1413393918105760512.000000 1.775455832 -0.668557227 2.274436235 -0.559717357 -0.599961817 -0.351706535 0.450627118
1413393919355760384.000000 2.531069279 -0.448866010 2.371357203 -0.769262850 -0.062399890 -0.620257258 0.140078112
1413393922155760384.000000 2.117290497 -1.989351392 1.127280116 0.805846572 -0.008763579 0.591400921 0.027921274
1413393922355760384.000000 2.115312576 -1.970938206 1.010584593 0.842683494 -0.015606094 0.537441254 0.028248573
1413393922555760384.000000 2.155148268 -1.940795183 0.911505222 0.848954320 -0.036374815 0.527154863 0.007816343
1413393922905760512.000000 2.340429544 -1.927834511 0.782877624 0.836791396 -0.046715293 0.545479417 -0.007071350
1413393923405760512.000000 2.827409744 -1.983755589 0.788685918 0.841148615 -0.037590683 0.539461613 0.006106768
1413393923505760512.000000 2.960386515 -1.990783930 0.802811444 0.832003772 -0.039655123 0.552702367 -0.026781879
1413393924005760512.000000 3.656276464 -2.121996164 0.886598289 -0.814274848 -0.165532425 -0.544040203 0.116514683
1413393924105760512.000000 3.797764301 -2.154555321 0.902428746 -0.809436381 -0.205790520 -0.533786654 0.132419378
1413393924855760384.000000 4.635576248 -1.956558585 1.121381640 -0.697882473 -0.388838708 -0.593397021 0.098206602
1413393924955760384.000000 4.648327351 -1.830797076 1.190546036 -0.720061719 -0.364218444 -0.576868057 0.126804426
1413393927805760512.000000 5.220110893 1.647131920 2.322592497 -0.588910162 -0.562396705 -0.478945315 0.327881277
1413393928005760512.000000 5.245476246 1.852541924 2.438529253 -0.564013183 -0.568465889 -0.494903386 0.337352008
1413393928805760512.000000 4.781771183 2.495295525 2.618940592 -0.594298899 -0.505854011 -0.469759047 0.412610114
1413393930155760384.000000 3.464703321 2.527556419 2.895785332 -0.790914357 -0.197936729 -0.537897289 0.214341387
1413393932705760512.000000 2.442079306 1.048392177 1.926326632 -0.783760965 -0.242302820 -0.552347660 0.148054242
1413393935305760512.000000 2.163553238 -0.702803850 1.348095059 -0.758891344 -0.381232768 -0.472230464 0.236101776
1413393935605760512.000000 2.269323349 -0.843111038 1.323351026 -0.689175785 -0.486584693 -0.455473542 0.284281671
1413393936155760384.000000 2.296052217 -0.790991127 1.399587512 -0.591863513 -0.585399210 -0.407123893 0.375839800
1413393936305760512.000000 2.244350433 -0.726387143 1.428014278 -0.569843113 -0.602853239 -0.355721802 0.430475056
1413393939105760512.000000 2.534893036 -0.949430227 1.914754272 -0.024737423 -0.784586668 -0.015379286 0.619334638
1413393939855760384.000000 2.808290958 -1.369894862 1.811882019 0.001255329 -0.878165305 0.026403841 0.477626413
1413393940455760384.000000 2.723015308 -1.518850446 1.766235113 -0.015696751 -0.781300843 0.032891702 0.623089790
1413393940705760512.000000 2.860335588 -1.507821083 1.752609611 -0.042646460 -0.878461480 0.052587911 0.472991884
1413393941155760384.000000 2.763471603 -1.294479489 1.864302993 -0.031511951 -0.764092445 0.020238554 0.644018769
1413393943155760384.000000 2.524969816 0.030103125 2.030349255 -0.010598963 -0.833954692 -0.015618006 0.551510155
1413393945305760512.000000 2.296226978 0.486019492 2.224585056 -0.183862627 -0.747783363 -0.157799095 0.618153811
1413393945705760512.000000 2.308568716 0.502300680 2.151066780 -0.280017436 -0.756504178 -0.197398037 0.557068944
1413393948405760512.000000 2.496294260 -0.011126440 1.740794539 -0.721161306 -0.276090503 -0.602875948 0.200601652
1413393950455760384.000000 1.802776337 -0.814959764 1.920002580 -0.854897618 -0.028027387 -0.517915249 0.011329681
1413393952155760384.000000 2.403606653 -1.901412010 1.528227091 0.814393163 -0.010604368 0.579779446 0.022521619
1413393954155760384.000000 3.336667061 -2.015292883 1.620851517 -0.809481978 -0.113354921 -0.572224379 0.066700704
1413393955255760384.000000 4.002830982 -1.748889089 1.724573851 -0.780322134 -0.275627226 -0.531238675 0.181418329
1413393955405760512.000000 4.152065277 -1.644801617 1.741410375 -0.771055639 -0.286335945 -0.529979050 0.206415266
1413393957155760384.000000 4.872830868 -0.422822863 1.723320842 -0.520433068 -0.638292313 -0.339440197 0.454436719
1413393957505760512.000000 4.927917004 -0.176214352 1.740081787 -0.412441283 -0.707482219 -0.277960628 0.502094746
1413393960155760384.000000 4.933266640 0.611021996 1.287388325 -0.251944810 -0.787455738 -0.174983725 0.534619570
1413393961105760512.000000 4.786023140 0.597558737 0.993097842 -0.135691643 -0.826120257 -0.079426609 0.541114211
1413393961405760512.000000 4.670480728 0.615197361 0.984243870 -0.135254517 -0.748086810 -0.065298975 0.646381021
1413393961705760512.000000 4.683649063 0.634206176 1.090091825 -0.121703848 -0.785413980 -0.090924591 0.600038230
1413393962155760384.000000 4.815412521 0.604632497 1.508359790 -0.124606550 -0.817910492 -0.089185067 0.554564357
1413393962605760512.000000 4.840312481 0.555782139 2.026228428 -0.143381119 -0.856070817 -0.092925772 0.487800717
1413393962755760384.000000 4.794738770 0.553685904 2.129889965 -0.163671091 -0.846548021 -0.130749941 0.489359528
1413393962905760512.000000 4.713201046 0.553880453 2.216788530 -0.188683555 -0.818938553 -0.189351678 0.507822990
1413393963105760512.000000 4.566460133 0.531775594 2.294289112 -0.244369507 -0.776954710 -0.258767158 0.519292414
1413393963255760384.000000 4.434253216 0.487651974 2.322413445 -0.301424414 -0.741123736 -0.287297606 0.526629925
1413393963405760512.000000 4.291716576 0.420543790 2.324938536 -0.357644916 -0.709047914 -0.308499873 0.523611546
1413393965005760512.000000 2.738216400 -1.022916913 1.591928959 -0.714531481 -0.431546897 -0.416942507 0.359681755
1413393965355760384.000000 2.707953453 -1.356443882 1.516027689 -0.787589490 -0.389198959 -0.374867797 0.296143830
1413393965505760512.000000 2.799457788 -1.447474003 1.520071626 -0.769000888 -0.427303612 -0.414296985 0.233253688
1413393965655760384.000000 2.916907549 -1.481549382 1.537313223 -0.732284129 -0.463730186 -0.462347060 0.186948001
1413393968505760512.000000 1.946151495 -0.050996941 1.827001333 -0.809175968 -0.222342998 -0.527119458 0.133950815
1413393971055760384.000000 1.760517716 0.166516200 1.833010197 -0.799903512 -0.022082802 -0.592915416 -0.090099841
1413393973455760384.000000 0.565802872 0.842954397 1.730865717 0.768347263 -0.012954143 0.637125373 0.059547853
1413393974005760512.000000 0.153725997 1.184312463 1.666668773 0.818342686 -0.095848367 0.559332609 -0.090968676
1413393974155760384.000000 0.012618322 1.203526735 1.665649295 0.870288551 -0.097668134 0.473391086 -0.094656304
1413393974355760384.000000 -0.076838270 1.129383802 1.705873489 0.911895752 -0.038329862 0.408349812 -0.015083815
1413393974505760512.000000 -0.025958449 1.049264312 1.760866284 -0.912859321 -0.010405090 -0.405804127 -0.043619376
1413393974655760384.000000 0.124337077 0.994650364 1.832000375 -0.886368036 -0.051446430 -0.452865005 -0.081352487
1413393975105760512.000000 0.789553523 1.099582076 1.949815750 -0.792771935 -0.023957865 -0.608484507 -0.026176162
1413393977805760512.000000 1.862080932 2.115503788 1.946375966 -0.816459954 -0.022288857 -0.576918185 -0.007861385
1413393980705760512.000000 1.534263611 1.526089430 2.046303272 0.654876292 -0.491576433 0.437432289 0.371675402
1413393981005760512.000000 1.518713236 1.246437192 2.044794321 0.660224378 -0.515133083 0.430075705 0.337307870
1413393983605760512.000000 2.701703310 -1.282692790 2.133211374 -0.780415833 -0.241225764 -0.574026167 0.057055064
1413393984005760512.000000 2.911851645 -1.019494772 2.176193953 -0.715418875 -0.380613595 -0.557902396 0.179036736
1413393984205760512.000000 2.923535109 -0.817057192 2.212547302 -0.673151553 -0.445074856 -0.545886755 0.225350991
1413393984655760384.000000 2.684753418 -0.290012300 2.316766977 -0.600502014 -0.532193840 -0.500835001 0.324547857
1413393986605760512.000000 1.554377794 1.490124583 2.024590254 -0.827598214 -0.047390997 -0.550128102 0.100967728
1413393986755760384.000000 1.599341631 1.534038663 2.042425632 -0.814023376 -0.030147877 -0.578930914 0.036002375
1413393989605760512.000000 2.298457861 3.313071489 2.061666489 0.777304232 -0.155785888 0.590823591 0.149854511
1413393992105760512.000000 2.544950485 3.342551231 2.044346809 0.661593497 -0.404826343 0.531866014 0.339894503
1413393993605760512.000000 2.302365065 3.362700224 2.171842575 0.722233653 -0.444999486 0.437490523 0.298255235
1413393993955760384.000000 2.407404184 3.261122942 2.212812424 0.630683959 -0.377341717 0.560423076 0.381807566
1413393994305760512.000000 2.440274715 3.440080166 2.191212177 0.623268485 -0.414132148 0.576939166 0.327371687
1413393994755760384.000000 2.314246416 3.855517149 2.160520554 0.748478115 -0.505614460 0.373023927 0.212103322
1413393995255760384.000000 2.354914904 3.794893742 2.051289082 0.674031615 -0.461521566 0.503008127 0.282244682
1413393995605760512.000000 2.374695539 3.663175583 1.946213484 0.707009673 -0.391152173 0.546476662 0.220228598
1413393996055760384.000000 2.265154600 3.471022844 1.871112108 0.756816566 -0.200825587 0.603219509 0.151736334
1413393996405760512.000000 2.064665318 3.368750334 1.803979993 0.789204657 -0.157488599 0.585905075 0.095229201
1413393996705760512.000000 1.859676480 3.279192448 1.685486674 0.815339506 -0.147873312 0.552233160 0.091615707
1413393996905760512.000000 1.750066996 3.218354225 1.615945816 0.818693161 -0.125731856 0.553356290 0.087920114
1413393997205760512.000000 1.636792779 3.137152195 1.548011899 0.821796000 -0.090273194 0.557737052 0.073699310
1413393997555760384.000000 1.563791871 3.066241980 1.454838514 0.811951995 -0.074124880 0.575220168 0.066040166
1413393997855760384.000000 1.513635635 3.038526058 1.349611998 0.811530411 -0.073357344 0.575911403 0.066055298
1413393998105760512.000000 1.481154203 3.042903185 1.298028350 0.814897478 -0.076546334 0.570126235 0.070985362
1413393998505760512.000000 1.462486267 3.101597071 1.258392215 0.817115247 -0.097352780 0.563958287 0.069255292
1413393998905760512.000000 1.483076572 3.173537493 1.243485928 0.805923164 -0.122745380 0.577815175 0.039382242
1413393999355760384.000000 1.497323513 3.198759079 1.186119556 0.817481577 -0.102903031 0.562574208 0.068156287
1413393999805760512.000000 1.557142973 3.212478876 1.119276047 0.808800280 -0.127680495 0.572898567 0.036429580
1413394000255760384.000000 1.586802006 3.185891628 1.079060555 0.798800528 -0.094530404 0.586634457 0.094031312
1413394000455760384.000000 1.581743360 3.180151701 1.064954996 0.796877742 -0.113912679 0.588014305 0.079051293
1413394000855760384.000000 1.582754374 3.179652214 1.060937166 0.796081245 -0.115131527 0.589043081 0.077638365
1413394001355760384.000000 1.583375096 3.179235697 1.060790420 0.795988500 -0.116120234 0.589112461 0.076583944
1413394001855760384.000000 1.582402110 3.179569006 1.060463071 0.795991123 -0.116351344 0.589136600 0.076016143
1413394002355760384.000000 1.582569003 3.179478407 1.060354233 0.795910597 -0.116734087 0.589193463 0.075832166
1413394002855760384.000000 1.582681060 3.179446220 1.060711980 0.796040416 -0.116910428 0.589006543 0.075650878
1413394003355760384.000000 1.582646132 3.179524660 1.060608864 0.796016812 -0.117233999 0.589013755 0.075341076
