1403715886584058368.000000 0.000000000 0.000000000 0.000000000 -0.000000000 -0.000000000 -0.000000000 1.000000000
1403715893984058112.000000 -0.020042839 -0.040018100 -0.034069009 0.019133281 -0.008351535 0.013805787 0.999686718
1403715894134057984.000000 -0.028921818 -0.049969900 -0.047355000 0.000738772 -0.006030631 0.010044209 0.999931097
1403715894634057984.000000 -0.097092226 -0.129154280 -0.088481359 0.007180805 0.007737488 -0.011496805 0.999878228
1403715894684058112.000000 -0.110505290 -0.134308860 -0.090262964 0.004424552 0.006622701 -0.007654746 0.999938965
1403715894784058112.000000 -0.137648031 -0.148851737 -0.096196972 0.005978522 0.003905413 0.000407955 0.999974430
1403715896434058240.000000 -0.642916024 -0.414250016 -0.166298687 0.024529770 -0.019114597 0.073942393 0.996777534
1403715896684058112.000000 -0.657907188 -0.448631316 -0.183379665 0.035568614 -0.026556695 0.093979366 0.994584084
1403715896834057984.000000 -0.634815931 -0.459581077 -0.197725698 0.030874064 -0.032166857 0.099979095 0.993990123
1403715897134057984.000000 -0.524987757 -0.485924065 -0.232306376 0.015063457 -0.044286303 0.130777389 0.990307570
1403715897234058240.000000 -0.458440185 -0.494872928 -0.243356034 0.012527332 -0.041552182 0.123121388 0.991442204
1403715897334057984.000000 -0.384928793 -0.481067866 -0.251702279 0.015843965 -0.029262105 0.095601007 0.994863391
1403715898034057984.000000 0.295189083 -0.503567934 -0.289549977 0.032564167 -0.015220512 0.057162222 0.997717619
1403715898134057984.000000 0.400147736 -0.514224529 -0.289733618 0.045206156 -0.007158261 0.047260512 0.997833431
1403715898234058240.000000 0.501515210 -0.521092892 -0.298764527 0.053740341 0.006584470 0.042280868 0.997637689
1403715898334057984.000000 0.606036544 -0.527773201 -0.307685107 0.050629582 0.024034029 0.039709348 0.997638285
1403715898534057984.000000 0.830470264 -0.511413753 -0.326080292 0.026754795 0.059181485 0.047470082 0.996758938
1403715899134057984.000000 1.429346323 -0.365595937 -0.344951421 -0.001796471 0.149669349 0.076983869 0.985732913
1403715899334057984.000000 1.604931951 -0.294139981 -0.333581448 -0.031500641 0.157086238 0.068328261 0.984714627
1403715899634057984.000000 1.850697517 -0.262925118 -0.292974681 -0.045057505 0.154525176 0.060655672 0.985095263
1403715900084058368.000000 2.156902313 -0.276411355 -0.136305526 -0.020518875 0.161776438 0.012691298 0.986532450
1403715900184058112.000000 2.206799984 -0.285495400 -0.090429962 -0.018997580 0.163784757 0.005194776 0.986299515
1403715900234058240.000000 2.227169514 -0.290411383 -0.066097833 -0.017763136 0.164195359 0.002700802 0.986264229
1403715900284058112.000000 2.246413469 -0.298313677 -0.040665586 -0.018168956 0.164842591 0.000465160 0.986152411
1403715900384058112.000000 2.275939226 -0.312685460 0.012324635 -0.018834628 0.165540084 -0.001749962 0.986021638
1403715900484058112.000000 2.298442602 -0.329280168 0.068101197 -0.017058397 0.160160765 0.011722336 0.986873925
1403715900534057984.000000 2.303401709 -0.343627453 0.098037422 -0.011890437 0.157165021 0.023149682 0.987229407
1403715900634057984.000000 2.317396402 -0.364612699 0.155917868 0.006360283 0.149700537 0.041263439 0.987849474
1403715900734058240.000000 2.319490433 -0.388616443 0.215187892 0.030324940 0.144672096 0.059890404 0.987199843
1403715900934058240.000000 2.326523304 -0.440527201 0.322805166 0.068877332 0.149409428 0.055439565 0.984814286
1403715901534057984.000000 2.239735603 -0.529582441 0.416519165 0.075667895 0.154421628 0.066741765 0.982839704
1403715901734058240.000000 2.182716131 -0.535088778 0.371130377 0.060227692 0.158309236 0.064963989 0.983407617
1403715901834057984.000000 2.167731285 -0.531434298 0.340039164 0.048644304 0.152691096 0.064786009 0.984947741
1403715901934058240.000000 2.134871006 -0.525724769 0.308548152 0.040983506 0.152420476 0.064535365 0.985354543
1403715902034057984.000000 2.100683689 -0.521932125 0.275278926 0.039171550 0.151785672 0.065306887 0.985475421
1403715902134057984.000000 2.061341286 -0.514915466 0.240282238 0.041374169 0.154880986 0.062085301 0.985111892
1403715902234058240.000000 2.028823137 -0.514832020 0.200428039 0.035952300 0.156274572 0.053824376 0.985590518
1403715902334057984.000000 1.993950486 -0.502954125 0.161144689 0.027138030 0.156241640 0.048360799 0.986160934
1403715902434058240.000000 1.947388887 -0.489053428 0.120343044 0.020226136 0.157582879 0.045222830 0.986262381
1403715902634057984.000000 1.855908990 -0.478971034 0.039004829 0.004206361 0.144300655 0.066341452 0.987298548
1403715902734058240.000000 1.804441571 -0.477373183 0.004554644 -0.006327991 0.133255377 0.071574174 0.988473654
1403715902834057984.000000 1.764355540 -0.464327216 -0.031884380 -0.015981009 0.114359833 0.070038654 0.990838587
1403715903934058240.000000 1.263922334 -0.489235669 -0.119567499 0.002334541 -0.121706732 -0.015623317 0.992440403
1403715904384058112.000000 1.085856080 -0.690950334 -0.063045532 0.038297180 -0.284726262 -0.093457066 0.953273356
1403715904784058112.000000 0.952226758 -0.774015546 0.001588985 0.067056820 -0.405177653 -0.150441989 0.899278402
1403715904884058112.000000 0.918202400 -0.772954404 0.011090741 0.062736437 -0.444700450 -0.152988508 0.880284131
1403715905134057984.000000 0.846218944 -0.743216097 0.038761944 0.078362174 -0.541859210 -0.168994009 0.819566369
1403715905334057984.000000 0.814504623 -0.691701412 0.049493790 0.086160764 -0.592455745 -0.200762600 0.775414109
1403715905434058240.000000 0.807727754 -0.656635344 0.044841528 0.080180787 -0.610825062 -0.221029401 0.756048799
1403715905534057984.000000 0.803990483 -0.629162788 0.048882306 0.070708454 -0.631600201 -0.238676131 0.734244645
1403715905834057984.000000 0.812968254 -0.532532215 0.024814785 0.024836831 -0.711932242 -0.253676713 0.654357493
1403715906034057984.000000 0.823244333 -0.486703455 0.002000928 0.003963036 -0.758001924 -0.300365537 0.578962803
1403715906084058368.000000 0.793887794 -0.477799535 0.019102573 0.006066527 -0.772016406 -0.311346859 0.554091156
1403715906134057984.000000 0.787872910 -0.479802191 0.014186263 0.011321553 -0.783495188 -0.321028769 0.531928241
1403715906284058112.000000 0.773158669 -0.454911172 -0.003198624 0.038246695 -0.819211543 -0.336477280 0.462831259
1403715906384058112.000000 0.745706081 -0.448126286 -0.011430264 0.046806838 -0.840083003 -0.348159313 0.413345814
1403715909934058240.000000 0.916952014 -0.440543681 0.001638561 0.015927970 0.295088619 0.100564659 0.950029373
1403715910084058368.000000 0.857158363 -0.445988327 0.060724653 0.039346416 0.207905412 0.076695234 0.974343419
1403715910284058112.000000 0.766945779 -0.438273460 0.124867395 0.042305935 0.094550997 0.037343226 0.993919432
1403715910634057984.000000 0.609195352 -0.426720262 0.195132717 0.070237845 -0.056401134 -0.018726969 0.995758414
1403715910884058112.000000 0.481332242 -0.411369205 0.202034429 0.070586525 -0.144508824 -0.044224788 0.985991359
1403715911184058112.000000 0.354791373 -0.381507337 0.158090562 0.078760639 -0.255558044 -0.069495492 0.961070895
1403715911334057984.000000 0.296833426 -0.362876713 0.115906611 0.077866688 -0.309477836 -0.085437708 0.943854153
1403715911534057984.000000 0.248599723 -0.324992329 0.050594993 0.059696186 -0.379438549 -0.106466979 0.917130113
1403715911734058240.000000 0.207797095 -0.279829741 -0.026464898 0.041703206 -0.432467222 -0.145387650 0.888873100
1403715911884058112.000000 0.185854390 -0.261879742 -0.087602153 0.042663395 -0.469692826 -0.170343414 0.865188777
1403715912034057984.000000 0.165538102 -0.253960878 -0.164124548 0.044457115 -0.502386272 -0.182120949 0.844075561
1403715912734058240.000000 0.092972308 -0.253638208 -0.539450705 0.036056317 -0.634996593 -0.217572287 0.740365803
1403715912834057984.000000 0.095466405 -0.242986485 -0.583779871 0.039036181 -0.662934959 -0.226288795 0.712591648
1403715912934058240.000000 0.097301722 -0.228083402 -0.626316190 0.040376786 -0.692923546 -0.236061156 0.680074871
1403715913034057984.000000 0.099206448 -0.210512489 -0.668830037 0.041478574 -0.721372306 -0.245945230 0.646074653
1403715913134057984.000000 0.096797824 -0.192417711 -0.711839676 0.042063035 -0.746291518 -0.257848859 0.612203896
1403715913234058240.000000 0.095527172 -0.170901552 -0.749662042 0.046182066 -0.771264136 -0.263986379 0.577347457
1403715913584058368.000000 0.100588500 -0.103667438 -0.863568425 0.105849624 -0.814837396 -0.284245580 0.494004488
1403715913684058112.000000 0.112024128 -0.085520834 -0.893927693 0.125697181 -0.815910995 -0.288526028 0.485017747
1403715913784058112.000000 0.142043233 -0.062098414 -0.931955218 0.126534164 -0.815757573 -0.292375356 0.482747734
1403715913984058112.000000 0.227113724 -0.017554283 -1.020483851 0.098765664 -0.811978281 -0.305452108 0.487478822
1403715914084058368.000000 0.281792283 0.007063597 -1.070965767 0.095283404 -0.808803678 -0.308179885 0.491714180
1403715914184058112.000000 0.340774298 0.030811280 -1.127597094 0.091271460 -0.805733144 -0.307338148 0.498002917
1403715914684058112.000000 0.628884435 0.142890275 -1.440067172 -0.005779527 -0.750044227 -0.319787234 0.578909636
1403715914784058112.000000 0.668210983 0.162245259 -1.505291224 -0.037465196 -0.738322496 -0.308106840 0.598787487
1403715914884058112.000000 0.700752378 0.185551226 -1.569171786 -0.068784177 -0.728451371 -0.294197828 0.614878118
1403715914984058112.000000 0.718818426 0.205448836 -1.627238393 -0.085680649 -0.721187472 -0.284105003 0.625964701
1403715915084058368.000000 0.722979546 0.221150488 -1.678210616 -0.095540561 -0.717211306 -0.275259644 0.633018196
1403715915284058112.000000 0.689156771 0.236432046 -1.752352357 -0.067672908 -0.718284249 -0.265286416 0.639618039
1403715915384058112.000000 0.655419827 0.242179483 -1.775635719 -0.028582232 -0.720268369 -0.268321872 0.639061749
1403715915484058112.000000 0.617000937 0.252061337 -1.791944385 -0.000601428 -0.721266508 -0.272880465 0.636640131
1403715915934058240.000000 0.412902594 0.353989214 -1.852020383 0.013356879 -0.722586870 -0.293135405 0.625908494
1403715916084058368.000000 0.334034801 0.388546109 -1.875197887 0.016053738 -0.726829708 -0.285617888 0.624406338
1403715916234058240.000000 0.246997833 0.424134165 -1.896202803 0.023926133 -0.720500290 -0.273091674 0.636967659
1403715916384058112.000000 0.155303001 0.454727173 -1.917595267 0.027951915 -0.700651884 -0.258136779 0.664583385
1403715916484058112.000000 0.093946695 0.469251186 -1.927287817 0.024151351 -0.684369504 -0.246455207 0.685795128
1403715916634057984.000000 0.003346205 0.496808559 -1.945958018 0.015159833 -0.651758254 -0.229214415 0.722801566
1403715916784058112.000000 -0.085739017 0.519517004 -1.957405448 0.000471077 -0.625096262 -0.204743907 0.753216028
1403715916934058240.000000 -0.179819822 0.530335903 -1.966557741 -0.013916590 -0.607175648 -0.179132059 0.773986936
1403715917084058368.000000 -0.262899399 0.543522298 -1.957012892 -0.008119285 -0.597128928 -0.155303761 0.786925614
1403715917534057984.000000 -0.459152341 0.518230557 -1.886542320 0.065893330 -0.537252545 -0.156784773 0.826097071
1403715917684058112.000000 -0.493179083 0.523430765 -1.865459085 0.042199370 -0.538043797 -0.144841567 0.829306364
1403715917834057984.000000 -0.517149687 0.530390143 -1.840375423 0.053130817 -0.544287980 -0.127952769 0.827378809
1403715917984058112.000000 -0.524728417 0.532937407 -1.814661145 0.070596628 -0.546921849 -0.128086433 0.824309707
1403715918634057984.000000 -0.384956598 0.588727951 -1.719786167 0.013120105 -0.472909033 -0.113186777 0.873712599
1403715918834057984.000000 -0.305740118 0.622316420 -1.674833655 0.014160660 -0.443485171 -0.141140655 0.884985685
1403715919034057984.000000 -0.230522037 0.617598772 -1.643252134 -0.009358464 -0.423267871 -0.178662494 0.888164639
1403715919184058112.000000 -0.184848070 0.597401738 -1.615534306 -0.005282987 -0.416088551 -0.202490523 0.886476159
1403715919384058112.000000 -0.158088028 0.565632463 -1.583042145 0.035084940 -0.414044976 -0.220529780 0.882441223
1403715919884058112.000000 -0.187020898 0.614689291 -1.515626907 0.039838940 -0.427389920 -0.185425684 0.883950293
1403715920034057984.000000 -0.210031450 0.646379828 -1.502048254 0.026859106 -0.427751005 -0.189398706 0.883422852
1403715920184058112.000000 -0.243057191 0.662509739 -1.499495029 0.014217871 -0.430748492 -0.189109907 0.882321417
1403715920334057984.000000 -0.286636412 0.658743083 -1.507053137 0.013144913 -0.442570388 -0.175998047 0.879194736
1403715920534057984.000000 -0.352231145 0.635280192 -1.523452163 0.026609300 -0.460442126 -0.155751541 0.873513877
1403715920734058240.000000 -0.413653493 0.609884262 -1.538049221 0.045661751 -0.474232674 -0.138088688 0.868302882
1403715920884058112.000000 -0.446275294 0.578450739 -1.551080465 0.051055931 -0.490545243 -0.138649300 0.858798623
1403715921084058368.000000 -0.470992684 0.521758378 -1.585510850 0.025918497 -0.515540481 -0.154650733 0.842395067
1403715921284058112.000000 -0.482702017 0.456928253 -1.611528873 0.022259897 -0.533529937 -0.174304113 0.827326059
1403715921734058240.000000 -0.540166616 0.278767347 -1.672265887 0.024282213 -0.532609761 -0.202495396 0.821421206
1403715921984058112.000000 -0.569998860 0.173758075 -1.700952649 0.020356188 -0.537989676 -0.184096470 0.822351098
1403715922234058240.000000 -0.600549698 0.066854931 -1.718897581 0.032986112 -0.540486455 -0.173340395 0.822641730
1403715922434058240.000000 -0.617369890 -0.031154133 -1.740582943 0.047941506 -0.540778875 -0.171855897 0.822025239
1403715922584058368.000000 -0.618578196 -0.109588772 -1.755623341 0.046267387 -0.546254396 -0.166516766 0.819596112
1403715922884058112.000000 -0.620417476 -0.224347249 -1.786657810 0.047492169 -0.546770275 -0.172351032 0.817974269
1403715923034057984.000000 -0.615408063 -0.252835512 -1.796310306 0.049295686 -0.545307219 -0.179276600 0.817355335
1403715923234058240.000000 -0.602639794 -0.288183898 -1.818339467 0.041888017 -0.542683601 -0.189248204 0.817266822
1403715923384058112.000000 -0.592793941 -0.330741763 -1.846643806 0.024836786 -0.544994712 -0.185940444 0.817184210
1403715923634057984.000000 -0.574762225 -0.377354622 -1.883462310 0.002925632 -0.556631863 -0.158714235 0.815452158
1403715923734058240.000000 -0.569061875 -0.376059592 -1.886881351 0.000906908 -0.559255898 -0.151464179 0.815040231
1403715923834057984.000000 -0.562610745 -0.360933155 -1.878990173 0.005745088 -0.561485350 -0.145875230 0.814506948
1403715923934058240.000000 -0.553964496 -0.340334952 -1.864582658 0.018675776 -0.563272178 -0.140438795 0.814034820
1403715924084058368.000000 -0.533798575 -0.295263618 -1.829431653 0.038695823 -0.563169539 -0.141885430 0.813148975
1403715924234058240.000000 -0.504510880 -0.242834777 -1.789973617 0.047197841 -0.558935821 -0.152621001 0.813676834
1403715924384058112.000000 -0.467655182 -0.190283224 -1.751535296 0.044770893 -0.553588867 -0.163708612 0.815312505
1403715924634057984.000000 -0.393431544 -0.105857655 -1.686204553 0.020996446 -0.546646178 -0.173323095 0.818960428
1403715924984058112.000000 -0.286472559 -0.019579019 -1.575250268 0.016814832 -0.503694236 -0.129862815 0.853899896
1403715925284058112.000000 -0.172404051 0.011394107 -1.468488097 0.052123018 -0.422806352 -0.096521422 0.899556398
1403715925534057984.000000 -0.050770640 -0.003435057 -1.398709536 0.017035842 -0.353597522 -0.067979038 0.932768703
1403715925984058112.000000 0.211647943 -0.036855336 -1.256549716 0.018147808 -0.206138447 -0.020654667 0.978136480
1403715926284058112.000000 0.424824387 -0.022763494 -1.133907199 0.049243808 -0.098015241 0.030691868 0.993491888
1403715926534057984.000000 0.635913789 0.024918055 -1.044910669 0.072267681 0.005635592 0.050597381 0.996085107
1403715926784058112.000000 0.856898427 0.096035860 -1.008831620 0.041232511 0.097262271 0.065200642 0.992264509
1403715927084058368.000000 1.098963022 0.158636987 -0.991672516 0.012814676 0.184967816 0.074055985 0.979866564
1403715927334057984.000000 1.280746222 0.189756468 -0.990381181 0.027520528 0.255734473 0.051640376 0.964974523
1403715927584058368.000000 1.400810719 0.210684612 -0.999868274 0.073731899 0.308837503 0.072857186 0.945449531
1403715927784058112.000000 1.456085324 0.237151101 -1.031906724 0.087875582 0.361289889 0.106079690 0.922222614
1403715927934058240.000000 1.473715305 0.264153570 -1.070417762 0.069007985 0.418887705 0.115444206 0.898022056
1403715928084058368.000000 1.465909958 0.299354941 -1.118398786 0.047617290 0.477252752 0.137322128 0.866663158
1403715928534057984.000000 1.354055285 0.484270573 -1.245279551 0.047984384 0.633896708 0.221915454 0.739341617
1403715929034057984.000000 1.099634171 0.608097792 -1.437634587 -0.063522726 0.619953930 0.313721001 0.716380596
1403715929134057984.000000 1.069237709 0.591916442 -1.487824678 -0.080386996 0.600619435 0.319635212 0.728441894
1403715929184058112.000000 1.059452772 0.583923757 -1.513361692 -0.088155515 0.592078209 0.320213228 0.734258473
1403715929284058112.000000 1.050794005 0.567542434 -1.562646389 -0.103008330 0.582616389 0.306806445 0.745531499
1403715929384058112.000000 1.055604339 0.557185411 -1.605127335 -0.108865306 0.589326918 0.259352952 0.757349432
1403715929534057984.000000 1.080754638 0.543222308 -1.652669311 -0.111713804 0.608511388 0.171824187 0.766622782
1403715929634057984.000000 1.101150513 0.525151849 -1.667623162 -0.113750160 0.618814528 0.131364733 0.766076148
1403715929884058112.000000 1.139345646 0.451038182 -1.623305082 -0.049026947 0.614236474 0.196552023 0.762677670
1403715930234058240.000000 1.173317671 0.378589094 -1.493353844 0.063502014 0.597406447 0.279797375 0.748856783
1403715930534057984.000000 1.179449677 0.365944237 -1.444713831 0.028176142 0.600289643 0.292950481 0.743665636
1403715931034057984.000000 1.247106791 0.379067153 -1.492563844 -0.048975848 0.607785761 0.287600696 0.738568664
1403715931134057984.000000 1.280467868 0.381313801 -1.512351751 -0.062612914 0.605710924 0.291569591 0.737686396
1403715931534057984.000000 1.502410412 0.335672736 -1.573915720 -0.052922416 0.607946098 0.287050009 0.738378704
1403715931634057984.000000 1.575421333 0.326314181 -1.586267710 -0.049917456 0.608664930 0.279310673 0.740959406
1403715931734058240.000000 1.654519081 0.323830783 -1.591005802 -0.049581613 0.609806597 0.269337952 0.743730247
1403715931934058240.000000 1.821427226 0.323871255 -1.592838645 -0.031595275 0.611704886 0.249857590 0.749926686
1403715932384058112.000000 2.171608448 0.284816831 -1.580438852 0.078503512 0.638514578 0.155850276 0.749564528
1403715932534057984.000000 2.232006073 0.257151574 -1.576387286 0.105972901 0.643153727 0.137005404 0.745890439
1403715932634057984.000000 2.245930672 0.240877271 -1.575401306 0.127204180 0.645273507 0.123946801 0.743019760
1403715932784058112.000000 2.220700741 0.207310885 -1.582311153 0.144342676 0.648178637 0.112006165 0.739245832
1403715932934058240.000000 2.135155916 0.182412088 -1.593639970 0.112007566 0.647472501 0.135478064 0.741538584
1403715933384058112.000000 1.706774592 0.100622714 -1.634302497 -0.077986121 0.596879900 0.305530906 0.737769186
1403715933584058368.000000 1.563669562 0.061135232 -1.645913959 -0.133716613 0.562520206 0.380194157 0.721902549
1403715933734058240.000000 1.525587678 0.028246939 -1.656791449 -0.165835604 0.552714646 0.397126228 0.713649690
1403715933884058112.000000 1.565252423 -0.014359355 -1.670157909 -0.167771503 0.561890543 0.382514954 0.714012742
1403715934184058112.000000 1.825410843 -0.145536423 -1.706222534 0.002472428 0.642056465 0.239660144 0.728231013
1403715934334057984.000000 1.953453898 -0.166906416 -1.694065213 0.076897115 0.666732311 0.171680167 0.721166253
1403715934484058112.000000 2.049671650 -0.183116615 -1.689445257 0.126015991 0.675889909 0.127452001 0.714876771
1403715934684058112.000000 2.087609291 -0.193805575 -1.677376509 0.169972122 0.677227974 0.092442676 0.709877551
1403715934884058112.000000 1.992321849 -0.215696692 -1.687522531 0.158447117 0.665562868 0.116129234 0.720023990
1403715934984058112.000000 1.899012327 -0.225048900 -1.698700428 0.109849930 0.654660404 0.161460146 0.730262637
1403715935134057984.000000 1.724515200 -0.230248392 -1.712931871 0.028849864 0.634504139 0.232804179 0.736460745
1403715935534057984.000000 1.281813741 -0.174881965 -1.726236582 -0.105143644 0.592848957 0.328637987 0.727648377
1403715935684058112.000000 1.171544909 -0.135587364 -1.718930721 -0.126381278 0.584380507 0.342631608 0.724659145
1403715935834057984.000000 1.110618114 -0.104024410 -1.707340240 -0.148025468 0.576113224 0.356421918 0.720517457
1403715936084058368.000000 1.137770414 -0.073510453 -1.684331059 -0.111621715 0.597684562 0.325644940 0.724064350
1403715936234058240.000000 1.214269519 -0.068733841 -1.667375565 -0.038096681 0.632600605 0.260746628 0.728269517
1403715936434058240.000000 1.320660830 -0.069758952 -1.635847926 0.042342599 0.659895062 0.202436134 0.722333193
1403715936634057984.000000 1.384479880 -0.061487556 -1.601171732 0.079788700 0.666559279 0.190823629 0.716183484
1403715937484058112.000000 1.190444350 0.009862572 -1.505275130 -0.001077799 0.579176903 0.230907321 0.781815052
1403715937734058240.000000 1.097636938 0.080939263 -1.461346507 -0.050349552 0.523874760 0.250926942 0.812438190
1403715938034057984.000000 1.046337962 0.151357397 -1.395665288 -0.071797103 0.467443794 0.242643446 0.847033441
1403715938334057984.000000 1.086906672 0.171174526 -1.306578517 -0.064969532 0.411208242 0.197502509 0.887513101
1403715938584058368.000000 1.173899174 0.124092549 -1.214875937 -0.018318733 0.364995509 0.145771310 0.919344008
1403715938934058240.000000 1.301195264 0.065555952 -1.054088354 -0.060763046 0.320223212 0.156392500 0.932366014
1403715939784058112.000000 1.722672462 -0.146051213 -0.517439604 0.162150860 0.344277501 0.076563470 0.921584606
1403715940834057984.000000 1.421229482 -0.358363003 -0.690931797 -0.213088542 0.287799954 0.225211978 0.906114817
1403715941434058240.000000 1.707344770 -0.713365078 -0.344937265 0.148451433 0.360047311 0.102387995 0.915338635
1403715941684058112.000000 1.768760920 -0.768994272 -0.246114016 0.208628789 0.356588423 0.098140970 0.905365705
1403715941934058240.000000 1.740334034 -0.743223608 -0.260923058 0.247437194 0.352996230 0.088132672 0.897998393
1403715942084058368.000000 1.660189867 -0.708607733 -0.327956229 0.170462191 0.355020493 0.104721852 0.913201213
1403715942284058112.000000 1.534653425 -0.579726100 -0.468453348 0.026484909 0.335762560 0.146471605 0.930111885
1403715942934058240.000000 1.216968536 -0.076008052 -0.679830015 -0.159815565 0.297188014 0.196601287 0.920590162
1403715943234058240.000000 1.286276340 0.014749547 -0.577919006 -0.097007595 0.309187472 0.154940233 0.933266461
1403715943484058112.000000 1.399028301 -0.011558324 -0.440493286 0.067228466 0.314608335 0.107890271 0.940670848
1403715943784058112.000000 1.475937128 -0.035370976 -0.327154815 0.147226661 0.317792028 0.089629523 0.932362080
1403715944084058368.000000 1.453135610 -0.051009908 -0.385118902 0.127184406 0.318520725 0.110166810 0.932862222
1403715944684058112.000000 1.278095007 -0.040426936 -0.644118190 -0.148828477 0.166909680 0.147332385 0.963475168
1403715944934058240.000000 1.311099291 -0.094135806 -0.615310907 -0.108241603 0.108539663 0.082328409 0.984746158
1403715945284058112.000000 1.398453593 -0.229570717 -0.473127663 0.102934644 0.080648690 -0.005284277 0.991399169
1403715945634057984.000000 1.401017666 -0.324083120 -0.457909286 0.151094452 0.080509029 0.009564230 0.985188961
1403715946034057984.000000 1.331308246 -0.315359801 -0.626679480 -0.079539545 0.065975472 0.047907934 0.993491590
1403715946384058112.000000 1.263913989 -0.370527446 -0.651698411 -0.140472054 0.018667771 0.027627669 0.989523053
1403715946734058240.000000 1.198844790 -0.532160819 -0.500229836 0.058685761 -0.013680699 0.002328329 0.998180032
1403715947134057984.000000 1.127338529 -0.648872793 -0.385961950 0.172066763 -0.021345375 0.008480997 0.984817505
1403715947434058240.000000 1.088680983 -0.643478751 -0.458632618 0.165098056 -0.012626955 0.020712039 0.985978842
1403715947784058112.000000 1.054347038 -0.487117589 -0.656310380 -0.040742453 -0.026394863 0.040276971 0.998008609
1403715948234058240.000000 1.026053190 -0.292155921 -0.738968253 -0.161653668 -0.031569719 0.004991123 0.986329854
1403715948534057984.000000 1.005109549 -0.297938198 -0.582927942 -0.024506893 -0.029542828 0.010049475 0.999212503
1403715948884058112.000000 0.983832598 -0.317486733 -0.362795144 0.111847833 -0.011381582 0.009641722 0.993613422
1403715949234058240.000000 0.949918389 -0.277034014 -0.288817286 0.121315591 -0.049620260 0.004789507 0.991361439
1403715949534057984.000000 0.953475296 -0.219099998 -0.337621748 -0.043411668 -0.104528733 -0.027747992 0.993186414
1403715949834057984.000000 0.937794209 -0.200859115 -0.336940587 -0.112054363 -0.158537731 -0.069503598 0.978508532
1403715950134057984.000000 0.860974252 -0.244766444 -0.216025293 -0.046630640 -0.206532225 -0.132901520 0.968249619
1403715950734058240.000000 0.608832181 -0.398384035 0.021304596 0.188777879 -0.255144805 -0.049438551 0.947005749
1403715950934058240.000000 0.591886163 -0.427998960 -0.010621046 0.198684290 -0.261913925 -0.043914255 0.943396688
1403715951734058240.000000 0.635332346 -0.326010734 -0.420619726 -0.136694163 -0.321770549 -0.164228126 0.922392368
1403715952034057984.000000 0.515666902 -0.406159610 -0.403321683 -0.044875909 -0.389898360 -0.143836915 0.908447206
1403715952334057984.000000 0.296190083 -0.515482008 -0.347285688 0.097031467 -0.451881051 -0.096691728 0.881498277
1403715952634057984.000000 0.249397829 -0.611898005 -0.260787129 0.150634304 -0.500797212 -0.081743911 0.848427534
1403715952934058240.000000 0.334509969 -0.646480799 -0.288604736 0.173582494 -0.517090976 -0.076465681 0.834649086
1403715953234058240.000000 0.559746742 -0.610734105 -0.365746737 -0.015695130 -0.497246891 -0.197403461 0.844707668
1403715953634057984.000000 0.786915064 -0.522195697 -0.369153559 -0.122898623 -0.504471362 -0.277780205 0.808234334
1403715954034057984.000000 0.670271516 -0.528687596 -0.281824857 -0.013276271 -0.548009038 -0.328734487 0.769053638
1403715954434058240.000000 0.323355705 -0.520223856 -0.275575817 0.141171768 -0.605082154 -0.175987840 0.763527632
1403715954784058112.000000 0.225339755 -0.532526970 -0.286702007 0.180622324 -0.639360487 -0.103621662 0.740173161
1403715955034057984.000000 0.327976376 -0.497995347 -0.323041022 0.100919008 -0.630581141 -0.178339899 0.748583853
1403715955384058112.000000 0.493891180 -0.375425637 -0.521717489 -0.045838051 -0.575820088 -0.261419415 0.773298144
1403715955834057984.000000 0.540387809 -0.348175049 -0.614292622 -0.077049412 -0.602118969 -0.286155134 0.741371274
1403715956234058240.000000 0.339379638 -0.421685457 -0.663864434 0.113730669 -0.717993200 -0.215565130 0.651983738
1403715956684058112.000000 0.346911788 -0.472286940 -0.720915139 0.163834304 -0.818532228 -0.161308154 0.526443779
1403715957134057984.000000 0.685784101 -0.529441714 -0.691997468 0.028353890 -0.790377736 -0.311686397 0.526640892
1403715957534057984.000000 0.968855500 -0.459367454 -0.648606420 -0.077530898 -0.724706411 -0.429550260 0.533175528
1403715957834057984.000000 0.928296983 -0.392683417 -0.689555526 -0.055490103 -0.733497322 -0.423082054 0.529059649
1403715958184058112.000000 0.724050641 -0.287200391 -0.835419893 0.075025231 -0.835283577 -0.246417105 0.485748172
1403715958484058112.000000 0.635079741 -0.187878847 -0.941506803 0.128192663 -0.883577824 -0.160083726 0.420987070
1403715958734058240.000000 0.676981568 -0.153257400 -0.934612155 0.093986474 -0.909440041 -0.170734242 0.367335171
1403715958934058240.000000 0.785148740 -0.129373670 -0.877649546 0.012409849 -0.911603153 -0.247224629 0.328185618
1403715959384058112.000000 0.991001844 -0.122224532 -0.647849202 -0.002851671 -0.864957273 -0.444494605 0.232949272
1403715959584058368.000000 1.027561188 -0.109996021 -0.596050680 -0.003394275 -0.838936150 -0.503040910 0.207664266
1403715959684058112.000000 1.029387116 -0.103708997 -0.610195160 0.004789653 -0.842500150 -0.502608120 0.193793148
1403715959784058112.000000 1.020346999 -0.101160526 -0.652484655 0.014119414 -0.869342685 -0.460747510 0.178201303
1403715960334057984.000000 0.966741562 -0.084001690 -0.939954042 0.066680908 -0.972010493 -0.185792491 0.127398744
1403715960534057984.000000 0.989104271 -0.115473062 -0.930569649 0.070876993 -0.974707663 -0.169623628 0.127079710
1403715961034057984.000000 1.142661929 -0.250279427 -0.657934248 0.041597765 -0.873349309 -0.460009784 0.154666081
1403715961234058240.000000 1.209396243 -0.296208292 -0.607725859 0.021330602 -0.835095525 -0.524539888 0.164372593
1403715961484058112.000000 1.257014632 -0.325794548 -0.694063663 -0.006710623 -0.873207033 -0.461165369 0.157451868
1403715961684058112.000000 1.269358516 -0.330345571 -0.838326812 0.010636144 -0.925779343 -0.360411972 0.113678396
1403715961884058112.000000 1.269135594 -0.334299982 -0.982332051 0.043458473 -0.960196018 -0.268623948 0.063057259
1403715962084058368.000000 1.271091819 -0.317566305 -1.066376448 0.049335543 -0.982464254 -0.178447172 0.022059608
1403715962234058240.000000 1.272297502 -0.312068105 -1.066117764 -0.039974745 0.988696933 0.144028023 0.011680610
1403715962384058112.000000 1.283569098 -0.322904021 -1.017994881 -0.015451865 0.984446406 0.170017183 0.041481033
1403715962484058112.000000 1.289842248 -0.326157868 -0.944596291 0.008494389 0.977212548 0.203701720 0.059068181
1403715962584058368.000000 1.283158422 -0.337789953 -0.863165736 0.036303747 0.962262392 0.258374184 0.077304140
1403715963034057984.000000 1.157878876 -0.325770199 -0.408946872 -0.000919683 0.883240759 0.443083584 0.153499007
1403715963134057984.000000 1.110571623 -0.297442734 -0.318864465 -0.033248585 0.860120773 0.478545278 0.173439369
1403715963234058240.000000 1.067954063 -0.258530557 -0.241976202 -0.053031977 0.837181151 0.508749008 0.193622917
1403715963334057984.000000 1.034357786 -0.205185533 -0.182343483 -0.064839281 0.819565773 0.526916087 0.215562597
1403715963684058112.000000 1.001748919 -0.000385016 -0.133059263 -0.028372766 0.887851954 0.335283220 0.313845545
1403715964234058240.000000 0.985349894 0.139473438 -0.104767203 -0.063079767 0.854062974 0.361760765 0.368410856
1403715964334057984.000000 0.993777931 0.122585326 -0.113054872 -0.048973184 0.855362117 0.359144330 0.370098174
1403715964834057984.000000 1.084433317 0.023074806 -0.169040084 0.010918118 0.863645732 0.339824319 0.372177869
1403715965584058368.000000 1.110567689 -0.070261419 -0.240831494 -0.080258772 0.810443640 0.441631526 0.376432300
1403715965984058112.000000 1.240697145 -0.103499174 -0.390816450 0.001922617 0.887050986 0.259271532 0.381988436
1403715966284058112.000000 1.286598802 -0.148927897 -0.432982802 0.027797116 0.899570346 0.201694950 0.386419028
1403715966484058112.000000 1.255145907 -0.195011020 -0.394150972 -0.024741061 0.868948340 0.314398080 0.381406009
1403715966784058112.000000 1.225836396 -0.273804247 -0.339560807 -0.083914444 0.814522386 0.451296538 0.354743630
1403715967384058112.000000 1.407520413 -0.380208135 -0.429548621 0.021643201 0.916206717 0.193139330 0.350419760
1403715967534057984.000000 1.424432755 -0.422617167 -0.410217524 0.031483352 0.914098024 0.198737994 0.352046669
1403715968784058112.000000 1.223021388 -0.496090233 -0.110067606 0.036024861 0.859126747 0.226144090 0.457670599
1403715968984058112.000000 1.150788307 -0.459420055 -0.059138417 0.043504056 0.862473667 0.210549608 0.458165228
1403715969134057984.000000 1.048669696 -0.425168514 0.007257581 0.002437649 0.839223385 0.286038131 0.462472051
1403715969284058112.000000 0.953826308 -0.416786075 0.072427869 -0.062507160 0.795581937 0.392939478 0.456881642
1403715969434058240.000000 0.875580370 -0.396266162 0.122692943 -0.101617388 0.765318274 0.450891227 0.447949648
1403715969584058368.000000 0.836939335 -0.370135009 0.144938707 -0.142587006 0.757532835 0.454567075 0.446297795
1403715970034057984.000000 1.035086870 -0.319358528 0.117977023 -0.051239569 0.833974123 0.284811199 0.469834268
1403715970334057984.000000 1.218085051 -0.327357203 0.146023273 0.055003278 0.858683109 0.190773442 0.472486436
1403715970484058112.000000 1.254811406 -0.344569981 0.189591885 0.078768291 0.857803702 0.181759909 0.474269629
1403715970634057984.000000 1.243379354 -0.367955863 0.252937198 0.073881604 0.836695552 0.249723658 0.481788486
1403715970784058112.000000 1.201093435 -0.399598956 0.320519924 0.034545623 0.802110672 0.353188992 0.480294406
1403715970884058112.000000 1.163904548 -0.422244668 0.350390255 0.005864832 0.772876561 0.422909826 0.473048449
1403715971034057984.000000 1.120767355 -0.446285009 0.373007417 -0.035944089 0.738909960 0.486718565 0.464569896
1403715971134057984.000000 1.106049538 -0.455587447 0.360015035 -0.071869902 0.728557885 0.492606729 0.470506907
1403715971284058112.000000 1.129401445 -0.467513204 0.305320621 -0.107729830 0.741377711 0.435999811 0.498655766
1403715971434058240.000000 1.196502328 -0.479779005 0.228891015 -0.107075967 0.763693213 0.336383045 0.540512562
1403715971584058368.000000 1.291700959 -0.498484075 0.152113199 -0.083246045 0.769186556 0.245224506 0.584197819
1403715971734058240.000000 1.388318777 -0.521869898 0.107465148 -0.043163512 0.756481171 0.194937855 0.622794092
1403715971884058112.000000 1.474193454 -0.565763116 0.092498660 0.004646769 0.730125606 0.188507825 0.656779885
1403715972334057984.000000 1.568107605 -0.661988854 0.096313119 0.085797295 0.678696275 0.149689615 0.713864982
1403715972484058112.000000 1.529338121 -0.704831839 0.103672862 0.088539973 0.675271988 0.149725288 0.716764092
1403715972634057984.000000 1.447788477 -0.727845490 0.112776518 0.051252402 0.662970066 0.194738790 0.721055269
1403715973334057984.000000 0.986956835 -0.741303623 0.130253017 0.017637005 0.652035296 0.284875691 0.702413499
1403715973634057984.000000 0.810724974 -0.727543771 0.085109651 -0.021161282 0.638383806 0.323033571 0.698332071
1403715973834057984.000000 0.722911537 -0.710158706 0.035765767 -0.027436897 0.625694931 0.349160194 0.697022438
1403715974034057984.000000 0.676849902 -0.685151815 -0.031639278 -0.035790935 0.627865136 0.338006735 0.700182736
1403715974234058240.000000 0.667444050 -0.654917240 -0.121281981 -0.026071137 0.639845014 0.302248955 0.706090808
1403715974434058240.000000 0.676076591 -0.611297071 -0.205068022 -0.029919308 0.640674233 0.292916626 0.709113002
1403715974634057984.000000 0.701344073 -0.557239175 -0.290889889 -0.023481164 0.643106103 0.282103360 0.711534142
1403715975034057984.000000 0.780267537 -0.443354726 -0.455230296 -0.015578245 0.643446803 0.269136488 0.716448963
1403715975634057984.000000 0.916657209 -0.316708863 -0.671957374 -0.017858680 0.640213907 0.240943268 0.729214430
1403715975834057984.000000 0.957185447 -0.303409994 -0.727239728 -0.019613802 0.637647569 0.246229663 0.729651868
1403715976284058112.000000 1.055073261 -0.297575265 -0.819986820 -0.025040176 0.641554773 0.247352079 0.725670397
1403715976484058112.000000 1.102984905 -0.298697442 -0.841391385 -0.031134432 0.643858850 0.235561967 0.727315009
1403715977134057984.000000 1.242724657 -0.325127870 -0.781575620 -0.022925818 0.583530307 0.219289854 0.781587422
1403715978234058240.000000 1.335488439 -0.442344815 -0.387631357 0.009946583 0.240885019 0.036242303 0.969825745
1403715979934058240.000000 0.552187681 -0.604651332 -0.135339424 0.104572296 -0.488854140 -0.193113625 0.844270945
1403715980334057984.000000 0.437306643 -0.560246289 -0.328112781 0.109665133 -0.651002765 -0.222657099 0.717351198
1403715980684058112.000000 0.414761215 -0.452333421 -0.608493090 0.089465745 -0.771431565 -0.230682373 0.586237907
1403715981134057984.000000 0.537270069 -0.344066799 -0.905829906 0.052960336 -0.889562547 -0.261577785 0.370743513
1403715981534057984.000000 0.709459066 -0.304714918 -1.030510187 0.029307775 -0.954330921 -0.268172234 0.128363714
1403715981784058112.000000 0.856252074 -0.303151190 -1.035810471 -0.030177748 0.962194800 0.269681007 0.023294475
1403715982584058368.000000 1.200082541 -0.443472147 -0.690866709 -0.023934403 0.863232017 0.294187635 0.409525663
1403715983034057984.000000 1.304288268 -0.562759638 -0.387031317 -0.007726903 0.748670161 0.257934093 0.610658050
1403715983534057984.000000 1.313523531 -0.714293838 -0.025516868 0.031886190 0.564705968 0.195830241 0.801087379
1403715984134057984.000000 1.106100082 -0.860669434 0.266017586 0.086704470 0.307071865 0.125546724 0.939375997
1403715984484058112.000000 0.915667534 -0.892293811 0.290050656 0.084150985 0.172704369 0.092261277 0.977025926
1403715984684058112.000000 0.800480187 -0.893364787 0.226409033 0.049350031 0.092443839 0.056778446 0.992872059
1403715984784058112.000000 0.754454970 -0.881545901 0.198339000 0.044585317 0.042573091 0.043529630 0.997148395
1403715984984058112.000000 0.621067822 -0.864580691 0.126902074 0.049936425 -0.043738361 0.024730142 0.997487724
1403715985184058112.000000 0.534204662 -0.836457551 0.043573648 0.057837348 -0.097212717 -0.009937932 0.993532002
1403715985484058112.000000 0.414639741 -0.809000492 -0.099656872 0.052668240 -0.096419692 -0.036709819 0.993268192
1403715985734058240.000000 0.309979856 -0.771550655 -0.227511138 -0.012800859 -0.062791727 -0.004220589 0.997935653
1403715986034057984.000000 0.189106271 -0.684965074 -0.344234347 -0.027659936 -0.039810363 0.042056270 0.997938573
1403715986334057984.000000 0.098611429 -0.561230123 -0.400243074 0.004900175 -0.028799977 0.045441229 0.998539746
1403715987284058112.000000 -0.048645686 -0.292472661 -0.370857358 0.042603470 -0.000094754 0.067950748 0.996778667
1403715988284058112.000000 -0.040420566 -0.117878757 -0.330247402 0.015216245 0.026748180 0.023378028 0.999252975
1403715988634057984.000000 -0.042792074 -0.094386071 -0.314961344 0.032421112 0.015908096 0.047089417 0.998237669
1403715989284058112.000000 -0.000143612 -0.067451529 -0.322320670 0.004528185 0.028116096 0.037612144 0.998886526
1403715989584058368.000000 0.033648677 -0.068146147 -0.315482944 0.006368687 0.031219257 0.036825124 0.998813629
1403715989884058112.000000 0.067016453 -0.065811321 -0.299148560 0.027869780 0.034289613 0.028276255 0.998623073
1403715990134057984.000000 0.086278774 -0.054046307 -0.289803982 0.026170522 0.033815790 0.021013198 0.998864353
1403715990434058240.000000 0.094750263 -0.028640453 -0.281313121 0.019433036 0.032282270 0.016249130 0.999157727
1403715990734058240.000000 0.085839309 0.023941843 -0.259147227 0.006985302 0.030283675 0.012955240 0.999433041
1403715991684058112.000000 0.035658937 0.070623137 -0.221800104 0.016548030 0.024697840 0.018301157 0.999390483
1403715992034057984.000000 0.034685865 0.070181482 -0.221312225 0.016824368 0.025365343 0.018827252 0.999359369
1403715992234058240.000000 0.034412973 0.070545435 -0.220707119 0.017083365 0.025810137 0.017676588 0.999364555
1403715993834057984.000000 0.035207417 0.071187846 -0.221369594 0.018049741 0.025638236 0.018335223 0.999340177
1403715993984058112.000000 0.034599457 0.071514472 -0.221386954 0.018676758 0.025525067 0.018009428 0.999337435
