1403715278412143104.000000 -0.219564304 -0.027821310 0.860188067 -0.554090023 -0.617780924 -0.374004036 0.414067596
1403715279412143104.000000 -0.259644538 0.088927016 0.976945460 -0.548885584 -0.602176487 -0.385052592 0.433408320
1403715282162142976.000000 -0.376046836 0.496812582 1.167517424 -0.737017334 -0.370680273 -0.504886627 0.253950894
1403715285062142976.000000 -0.308285862 1.233526349 0.871094406 -0.807369411 -0.047303818 -0.585979402 0.050449211
1403715285412143104.000000 -0.292580724 1.255849957 0.893151641 0.820896983 -0.015664911 0.570452929 -0.021592401
1403715288362142976.000000 0.340934664 0.926687360 1.473671675 0.784098327 -0.216504797 0.564679086 0.139474586
1403715291262142976.000000 0.882554352 0.535764277 1.278470635 0.750746489 -0.325889617 0.545593202 0.180287763
1403715291962142976.000000 1.028073430 0.310256302 1.214021564 0.746166825 -0.358683318 0.512908876 0.226949126
1403715292412143104.000000 1.124096394 0.104979619 1.154589415 0.768034577 -0.315873593 0.515576065 0.211016461
1403715294562142976.000000 1.702933669 -0.434944093 1.405427456 -0.802160442 -0.119222827 -0.576797426 0.098129794
1403715296212143104.000000 1.696796775 -0.751125932 1.099364758 -0.724374473 -0.375965059 -0.500701666 0.288495839
1403715298962142976.000000 2.482472420 -0.816356778 0.989646077 -0.495002538 -0.661552429 -0.360031039 0.433241934
1403715301912143104.000000 2.288541079 -0.492133737 1.023306370 -0.303120911 -0.755181670 -0.226987302 0.535065591
1403715304212143104.000000 2.095892429 -1.180033207 0.930164397 -0.107281990 -0.801490188 -0.059042178 0.585335970
1403715305212143104.000000 2.078655005 -1.302779436 0.835827351 -0.119546950 -0.810712099 -0.078756727 0.567672253
1403715307812143104.000000 2.629282475 -1.263835788 1.177324057 -0.397268862 -0.728116274 -0.272852063 0.487417579
1403715309462142976.000000 2.767758369 -1.113847256 1.044968009 -0.488283813 -0.648467898 -0.332562983 0.480073154
1403715311162142976.000000 3.300593853 -0.934370577 1.124129295 -0.546955764 -0.618916571 -0.362241954 0.431928724
1403715313112143104.000000 3.967669487 -0.403628886 1.203507423 -0.523508906 -0.606681406 -0.412656367 0.433117449
1403715315262142976.000000 3.782241344 -0.432829261 1.418261409 -0.626483738 -0.526956260 -0.442769080 0.365774333
1403715317762142976.000000 3.238549948 -0.216842994 1.155363798 -0.809163094 -0.136668861 -0.560974360 0.109016396
1403715318262142976.000000 3.162430763 -0.153423458 1.097141504 -0.820986211 -0.040340643 -0.565164745 0.070307344
1403715321212143104.000000 4.102957726 0.091867492 1.272731304 0.725171626 -0.384053677 0.531341732 0.210487351
1403715321712143104.000000 4.035722256 0.067515701 1.315476775 0.728203952 -0.375209659 0.531342447 0.215898082
1403715322062142976.000000 3.897550821 -0.017746247 1.348338008 0.708224118 -0.396509707 0.538919866 0.225308776
1403715324762142976.000000 3.426439047 -0.960359097 1.450281620 0.690311193 -0.446572065 0.497125775 0.277326494
1403715327662142976.000000 2.661498785 -0.785815537 1.355341196 0.692342699 -0.451392740 0.488382250 0.279980540
1403715328562142976.000000 2.228814840 -0.923810840 1.299899340 0.720595241 -0.365978181 0.517849445 0.280418247
1403715331362142976.000000 1.955435514 -0.817973077 1.232688546 0.812721610 -0.115294553 0.568417192 0.055612080
1403715334062142976.000000 1.862202525 -1.831281900 1.446093678 0.822654665 -0.034793515 0.567449510 0.005472683
1403715337012143104.000000 2.239271879 -3.011126757 1.422971845 -0.815395057 -0.074633278 -0.571507096 0.054224830
1403715337512143104.000000 2.366787910 -3.104657888 1.467100620 -0.818818927 -0.108817555 -0.554681659 0.100113347
1403715339512143104.000000 3.168339014 -3.562689781 1.564025640 -0.789102256 -0.219803989 -0.550740540 0.160277441
1403715339962142976.000000 3.351397276 -3.639328957 1.517406940 -0.786612809 -0.232217729 -0.558517694 0.123989150
1403715340312143104.000000 3.444158316 -3.604786634 1.506218195 -0.771950483 -0.276761532 -0.547705233 0.165875256
1403715342512143104.000000 3.900971651 -2.999325037 1.676510572 -0.759065390 -0.337644964 -0.504669070 0.234786630
1403715342812143104.000000 3.950354338 -2.886365414 1.678319812 -0.727560937 -0.392619789 -0.505379021 0.247178033
1403715345612143104.000000 3.503199339 -1.458492875 1.526413798 -0.668167293 -0.461797386 -0.483519495 0.326350331
1403715347512143104.000000 2.369933605 -0.834976077 1.508834481 -0.657011330 -0.486728877 -0.473621398 0.327282667
1403715350212143104.000000 2.274301052 -0.416815817 1.129274249 -0.454522878 -0.686369061 -0.308801234 0.476391017
1403715352862142976.000000 1.562746048 0.080440745 1.072917223 -0.378955245 -0.716491520 -0.259427279 0.525100291
1403715355662142976.000000 1.144867778 0.362255841 1.198153853 -0.269739270 -0.773916602 -0.180773795 0.543704569
1403715357312143104.000000 0.751814187 0.581928730 1.348318100 -0.156573564 -0.807237864 -0.101422079 0.559969127
1403715357762142976.000000 0.571670115 0.681274891 1.409615159 -0.122645296 -0.813172758 -0.106701136 0.558858812
1403715358262142976.000000 0.327178121 0.708194971 1.416934609 -0.124207884 -0.818692565 -0.105584882 0.550605834
1403715359762142976.000000 -0.540080130 0.409701228 1.331092000 -0.071894594 -0.805229962 -0.064273447 0.585068285
1403715360212143104.000000 -0.649498045 0.245364159 1.346566677 -0.079652771 -0.813504279 -0.053979538 0.573543787
1403715360562142976.000000 -0.709418237 0.134268641 1.361956239 -0.127905935 -0.807756186 -0.045943689 0.573636889
1403715363062142976.000000 -1.274050355 0.096288390 1.337891221 -0.603464603 -0.546901405 -0.383208424 0.435753047
1403715363562142976.000000 -1.346776128 0.123634562 1.368251562 -0.659965575 -0.483355194 -0.425189823 0.387332946
1403715364062142976.000000 -1.243911862 0.113474138 1.419189692 -0.705595136 -0.403744906 -0.494601160 0.307401001
1403715366762142976.000000 -0.782607198 -0.574626088 1.703279257 -0.803759873 -0.177725613 -0.552105844 0.132525116
1403715369512143104.000000 0.489122838 -1.793743253 1.769852519 -0.776899755 -0.286368340 -0.525115430 0.196656644
1403715371412143104.000000 1.520160317 -2.068293810 1.719407916 -0.764538288 -0.353361279 -0.490762681 0.223089561
1403715374262142976.000000 3.434024096 -1.542963862 1.780011296 -0.641327381 -0.506427646 -0.455829740 0.352773935
1403715377212143104.000000 3.391725540 -0.396110713 1.636443257 -0.596863151 -0.543361723 -0.449298888 0.382939726
1403715377662142976.000000 3.181740046 -0.381209642 1.596034527 -0.595141411 -0.547907174 -0.439762652 0.390145093
1403715380312143104.000000 1.835993648 -0.386811018 1.598144650 -0.602912486 -0.550059140 -0.429871261 0.386189371
1403715383212143104.000000 -0.121403337 0.083781525 1.601366162 -0.738924503 -0.384825081 -0.483452141 0.268652737
1403715386012143104.000000 -0.127872512 0.825177491 1.606513262 -0.811268866 -0.046927683 -0.579031110 0.066058256
1403715388912143104.000000 0.462595701 -0.751012802 1.457993031 -0.815257907 -0.082306251 -0.569261372 0.067244135
1403715389862142976.000000 0.804623425 -1.337036014 1.512606621 -0.810664296 -0.112629525 -0.567605436 0.089230113
1403715392562142976.000000 2.595371723 -1.463568807 1.601245403 -0.700434029 -0.402147174 -0.509677947 0.296476513
1403715394462142976.000000 3.418931961 -1.145049930 1.650520205 -0.374859422 -0.722854495 -0.277468771 0.509875417
1403715395362142976.000000 3.364980698 -1.245860219 1.622576833 -0.124106988 -0.814803362 -0.093633085 0.558503270
1403715396862142976.000000 2.992629051 -1.479460120 1.437958241 0.007456142 -0.820397496 0.001904811 0.571741939
1403715398712143104.000000 2.129441977 -1.293419003 1.228533983 0.013247112 -0.803798795 -0.004584447 0.594736218
1403715399212143104.000000 2.077331305 -1.275016189 1.204027534 0.017929537 -0.800253451 -0.011181022 0.599289536
1403715399712143104.000000 2.176477909 -1.395066142 1.190297008 0.015121915 -0.826421142 -0.003764517 0.562836826
1403715401112143104.000000 2.070820332 -2.160805464 1.238574266 -0.225365385 -0.810363650 -0.124111935 0.526419520
1403715402612143104.000000 1.183752418 -2.543770790 1.342303276 -0.267485589 -0.759911120 -0.228737593 0.546503246
1403715403012143104.000000 0.996480048 -2.680310726 1.340842485 -0.314866304 -0.756179631 -0.206510872 0.535168052
1403715403412143104.000000 0.822551906 -2.787936687 1.354953885 -0.328761965 -0.768100262 -0.199550465 0.511973798
1403715403712143104.000000 0.685014486 -2.795056105 1.370514989 -0.359712631 -0.753917694 -0.224191099 0.501949430
1403715403962142976.000000 0.563529611 -2.759205341 1.378776073 -0.409760684 -0.732110858 -0.244205773 0.486285478
1403715404612143104.000000 0.215248391 -2.530468941 1.408071041 -0.454621464 -0.683740556 -0.336805075 0.460847795
1403715405112143104.000000 -0.121622436 -2.370573997 1.375951290 -0.500018179 -0.640867651 -0.339687973 0.473162353
1403715405612143104.000000 -0.355761647 -2.250477552 1.332004786 -0.605512023 -0.558624804 -0.396883249 0.404694021
1403715405962142976.000000 -0.463919282 -2.159290552 1.303147793 -0.661464393 -0.502341390 -0.439905912 0.341468602
1403715406312143104.000000 -0.557626426 -2.041661978 1.257857442 -0.706769526 -0.419571877 -0.483403057 0.301260233
1403715406812143104.000000 -0.642670572 -1.871979475 1.157374859 -0.766334414 -0.311560482 -0.508719027 0.238467440
1403715406962142976.000000 -0.646726668 -1.825270534 1.129271269 -0.775861800 -0.283038944 -0.521632373 0.214072928
1403715407312143104.000000 -0.628892720 -1.721457005 1.075791836 -0.806979120 -0.228576198 -0.518720984 0.165729493
1403715409262142976.000000 -0.029030111 -0.804914296 1.194970846 -0.720688939 -0.360874474 -0.523507178 0.276256055
1403715409762142976.000000 0.005970068 -0.726568162 1.277035713 -0.722824395 -0.385938793 -0.504196405 0.272694081
1403715410262142976.000000 0.052496247 -0.652850628 1.379795074 -0.737591863 -0.370345265 -0.503812015 0.254904211
1403715410762142976.000000 0.109635331 -0.521564782 1.362166166 -0.725657761 -0.374849081 -0.519128799 0.251821905
1403715411212143104.000000 0.106470019 -0.406043053 1.334510207 -0.722541273 -0.378882259 -0.508700609 0.274965733
1403715411512143104.000000 0.089594863 -0.356632739 1.321928978 -0.714781821 -0.373954475 -0.511970282 0.295180321
1403715412012143104.000000 0.059525616 -0.349284112 1.294837952 -0.715203047 -0.388673723 -0.505135357 0.286802500
1403715412462142976.000000 0.025132529 -0.381154805 1.270105004 -0.720793486 -0.390460223 -0.498492181 0.281963080
1403715412812143104.000000 0.001491040 -0.409464717 1.256409526 -0.724967241 -0.393959314 -0.493195742 0.275638372
1403715413312143104.000000 -0.020763766 -0.421747178 1.197777629 -0.720512569 -0.389975429 -0.501100779 0.278709143
1403715413662142976.000000 -0.033441182 -0.432882845 1.106497526 -0.720422089 -0.384144068 -0.501541674 0.286149353
1403715414012143104.000000 -0.040560037 -0.461252570 1.032376647 -0.716841757 -0.390416443 -0.507396817 0.276154637
1403715414462142976.000000 -0.071476698 -0.482456028 1.033079743 -0.732072473 -0.398396969 -0.486917406 0.261268526
1403715414912143104.000000 -0.100032531 -0.430087239 0.996535301 -0.727539778 -0.376450777 -0.496635616 0.286921322
1403715415362142976.000000 -0.096399024 -0.404167444 0.913731575 -0.730220199 -0.365033180 -0.503201723 0.283403039
1403715415762142976.000000 -0.078125641 -0.412671417 0.873248637 -0.724736154 -0.375146031 -0.518568575 0.255165935
1403715416012143104.000000 -0.085281141 -0.407547146 0.875118136 -0.722958982 -0.376209080 -0.520719647 0.254260004
1403715416462142976.000000 -0.082155719 -0.405665368 0.876136065 -0.725669920 -0.375223041 -0.518003523 0.253541201
1403715416962142976.000000 -0.082312316 -0.407115161 0.874351323 -0.725894809 -0.374705195 -0.517781317 0.254116654
1403715417412143104.000000 -0.084009416 -0.407818317 0.873673856 -0.726072729 -0.374381274 -0.517589390 0.254476607
1403715417912143104.000000 -0.085215650 -0.409013152 0.873664320 -0.726140022 -0.374142289 -0.517585218 0.254644603
1403715418412143104.000000 -0.085578725 -0.409290493 0.874734521 -0.726177871 -0.373989940 -0.517592311 0.254745990
