1403715273262143232.000000 0.000000000 0.000000000 0.000000000 -0.000000000 -0.000000000 -0.000000000 1.000000000
1403715278762143232.000000 -0.003552037 -0.029129071 0.009331570 0.025008973 0.003772431 0.009111531 0.999638617
1403715278812143104.000000 -0.004963492 -0.038606927 0.010512447 0.027651586 0.003438148 0.010240803 0.999559283
1403715278862142976.000000 -0.005148198 -0.047459807 0.011439635 0.031777542 0.002407006 0.011691951 0.999423683
1403715280362142976.000000 -0.009629447 -0.133321002 0.034947444 0.001900912 0.009916973 -0.012605490 0.999869585
1403715281762143232.000000 -0.041560501 -0.246494561 0.150467202 0.006033733 0.234211043 0.094467960 0.967566311
1403715282062142976.000000 -0.043177757 -0.253527284 0.192499012 0.001423584 0.317644328 0.127686292 0.939572394
1403715282162142976.000000 -0.042501435 -0.253579497 0.205770329 0.000792479 0.341729075 0.136377543 0.929850459
1403715282462142976.000000 -0.041267037 -0.254915863 0.254709750 -0.004138631 0.412565351 0.160991013 0.896579444
1403715284112143360.000000 -0.023818493 -0.259627521 0.528557360 0.001357583 0.637962997 0.261842281 0.724182308
1403715284362142976.000000 -0.016945660 -0.258340687 0.555815041 0.009925243 0.627816379 0.276042193 0.727701128
1403715284712143104.000000 0.008020163 -0.254286528 0.578615725 0.001369315 0.628098845 0.249006197 0.737215042
1403715285162142976.000000 0.043847859 -0.255636036 0.599488795 0.023236865 0.670823514 0.254241705 0.696287990
1403715285462142976.000000 0.051629066 -0.277107120 0.598342121 0.012416210 0.691507518 0.292647004 0.660318792
1403715285612143360.000000 0.054064929 -0.301316887 0.585870862 0.013253487 0.693966568 0.301795214 0.653570473
1403715286012143104.000000 0.072662592 -0.355931550 0.533296585 -0.004699247 0.703752875 0.290117353 0.648491859
1403715286162142976.000000 0.083529174 -0.369331956 0.512668610 -0.009091611 0.705081940 0.288735360 0.647617698
1403715286312143104.000000 0.097023010 -0.379918009 0.492975086 -0.007578166 0.704155803 0.292448282 0.646978617
1403715286462142976.000000 0.114016533 -0.388930053 0.474428803 -0.009865289 0.705997109 0.288181365 0.646855652
1403715287262143232.000000 0.229617387 -0.413828939 0.396440923 -0.011290880 0.747339487 0.285905063 0.599678695
1403715287662142976.000000 0.294114500 -0.435357064 0.377943665 0.011789990 0.756384850 0.303289443 0.579446793
1403715288512143104.000000 0.369769216 -0.440010488 0.304846436 0.006160868 0.836876929 0.321485937 0.442996472
1403715288712143104.000000 0.373991191 -0.441014647 0.288841635 0.008822864 0.836471498 0.324198872 0.441738427
1403715289062142976.000000 0.371205688 -0.431071997 0.260432363 -0.009144682 0.842348278 0.323822290 0.430702925
1403715289212143104.000000 0.368457377 -0.408640027 0.256553471 -0.015481333 0.848980248 0.326320797 0.415340394
1403715290212143104.000000 0.419611514 -0.278758705 0.241388336 -0.020315565 0.870811582 0.346660972 0.347995251
1403715290362142976.000000 0.440265715 -0.285971999 0.230341852 -0.022309329 0.864741325 0.352642447 0.356886744
1403715290562142976.000000 0.473563433 -0.290737182 0.214095637 -0.017563013 0.860464096 0.357132643 0.362972885
1403715290862142976.000000 0.533404946 -0.288403779 0.186151206 -0.007553651 0.866635919 0.344893456 0.360463142
1403715291462142976.000000 0.637603521 -0.258708775 0.125852734 0.025723103 0.877313912 0.354701668 0.322250426
1403715291612143360.000000 0.651403666 -0.243448660 0.106830925 0.021281777 0.879405797 0.362821549 0.307494879
1403715291762143232.000000 0.660996199 -0.225440577 0.084449857 0.018410174 0.881949067 0.367225260 0.294911087
1403715291912143104.000000 0.668876410 -0.205023691 0.059036732 -0.003306818 0.886700213 0.362391740 0.287095904
1403715292062142976.000000 0.675352454 -0.183257729 0.030661225 -0.013091546 0.887730241 0.362021446 0.284084707
1403715292412143104.000000 0.705467403 -0.130011111 -0.031883478 -0.021031536 0.873348355 0.356015265 0.331773221
1403715292562142976.000000 0.724551857 -0.110460162 -0.061017692 -0.020704210 0.861306071 0.346445411 0.371077955
1403715294762143232.000000 0.935030699 -0.097235277 -0.344737351 0.000880249 0.556628764 0.216209441 0.802132845
1403715295362142976.000000 0.934079409 -0.023218781 -0.374161303 0.018985273 0.447632551 0.172791079 0.877158999
1403715295762143232.000000 0.922333777 -0.009754103 -0.403183579 0.015232347 0.377957761 0.135881290 0.915670335
1403715300012143104.000000 1.138898849 0.084842078 -0.423195899 0.015517395 -0.287695944 -0.095996849 0.952772200
1403715300862142976.000000 1.104638577 0.025059439 -0.306313068 0.049653713 -0.333118081 -0.107607596 0.935407698
1403715301262143232.000000 1.129732728 0.019695610 -0.290478885 0.071633756 -0.312347263 -0.127120957 0.938694894
1403715301562142976.000000 1.155448914 0.038720347 -0.312007517 0.054199152 -0.315612882 -0.119843498 0.939727902
1403715302062142976.000000 1.203161478 0.096965089 -0.377577245 0.038877200 -0.301696718 -0.126880750 0.944123387
1403715302262143232.000000 1.217509270 0.118581027 -0.411127806 0.029900577 -0.293147326 -0.133180648 0.946273506
1403715303962142976.000000 1.100359797 0.231353804 -0.629161298 0.034723558 -0.515254080 -0.182741016 0.836608171
1403715304312143104.000000 1.070344806 0.248255610 -0.653283417 0.029962173 -0.540121198 -0.184420899 0.820585370
1403715304612143360.000000 1.059602857 0.271365792 -0.660977125 0.030396050 -0.529109538 -0.192578673 0.825852692
1403715304762143232.000000 1.058034658 0.293149024 -0.659838557 0.033987936 -0.522765398 -0.192616418 0.829734921
1403715305312143104.000000 1.062299132 0.305084527 -0.691546082 0.023199957 -0.515901506 -0.196599513 0.833460271
1403715305712143104.000000 1.066884756 0.276627153 -0.727757335 0.021124626 -0.530402780 -0.197875440 0.824058175
1403715306162142976.000000 1.070760965 0.205434084 -0.770393252 0.013727215 -0.535340607 -0.201875523 0.820041716
1403715306812143104.000000 1.104259491 0.106473774 -0.752223134 0.054278813 -0.461045980 -0.134046286 0.875512481
1403715307762143232.000000 1.308390379 0.150336578 -0.735847414 0.009279118 -0.216239959 -0.092180699 0.971934617
1403715308062142976.000000 1.345488429 0.193203449 -0.736212134 0.006172832 -0.139077231 -0.071640380 0.987667501
1403715308362142976.000000 1.367396593 0.228731722 -0.727180898 0.006374710 -0.078452721 -0.051210549 0.995581269
1403715308712143104.000000 1.367962599 0.251186758 -0.709203005 0.003894332 -0.059550285 -0.021946829 0.997976422
1403715309262143232.000000 1.371075153 0.205753416 -0.666628003 0.021445097 -0.086224936 -0.000276852 0.996044874
1403715309912143104.000000 1.428867579 0.161604583 -0.606829941 0.021813663 -0.112190984 -0.022019204 0.993203163
1403715310512143104.000000 1.535859823 0.138789237 -0.574079216 0.049706437 -0.054683078 -0.019293254 0.997079134
1403715310812143104.000000 1.594809413 0.136903137 -0.585216761 0.019054530 -0.021424282 -0.014036050 0.999490321
1403715311412143104.000000 1.694393516 0.133600578 -0.592910111 0.002839906 -0.012808900 0.018387290 0.999744833
1403715311712143104.000000 1.754462361 0.121974826 -0.576813936 0.004741949 -0.001669120 0.002911525 0.999983132
1403715312812143104.000000 1.962041378 0.049784780 -0.426190197 0.034814078 0.022012666 -0.002498684 0.999148250
1403715313062142976.000000 1.996868014 0.034236655 -0.396951765 0.053195368 0.013734727 -0.017365491 0.998338640
1403715313462142976.000000 2.024307966 -0.007774303 -0.398406237 0.032202113 -0.003728164 -0.011794818 0.999404848
1403715314062142976.000000 2.029435873 -0.052835718 -0.429694772 0.022686854 0.026980871 0.001720235 0.999377012
1403715315062142976.000000 1.949362993 -0.073463656 -0.439562678 0.016635293 0.140511051 0.045861881 0.988876462
1403715316912143104.000000 1.746024728 -0.037548348 -0.375992775 -0.000568675 0.394676745 0.143886015 0.907483816
1403715317412143104.000000 1.708660364 -0.021906883 -0.296438366 0.000727715 0.503122568 0.194065884 0.842143476
1403715317662142976.000000 1.689388275 -0.018467724 -0.257772923 0.004631067 0.557468295 0.220924497 0.800249994
1403715317912143104.000000 1.672375083 -0.017270207 -0.223324656 0.017188866 0.600520134 0.256219447 0.757252812
1403715318212143104.000000 1.655983210 -0.010593712 -0.202508092 0.019983929 0.637654483 0.276328385 0.718776762
1403715318712143104.000000 1.641920090 0.024488688 -0.212154031 -0.026460031 0.680395603 0.287288755 0.673666716
1403715319212143104.000000 1.694156647 0.066185296 -0.231777191 -0.029472299 0.742808998 0.291424841 0.602028012
1403715319712143104.000000 1.810051918 0.078471303 -0.240899324 -0.022535978 0.797854006 0.302976131 0.520698071
1403715320212143104.000000 1.953597426 0.015370309 -0.236808300 -0.021917304 0.821394026 0.307916701 0.479602724
1403715320462142976.000000 2.028529406 -0.017413735 -0.227571964 0.001155988 0.855227768 0.311125040 0.414469957
1403715320662142976.000000 2.082050562 -0.045280397 -0.213454247 0.017149605 0.876295149 0.331106722 0.349544078
1403715320862142976.000000 2.121569872 -0.069590569 -0.197156191 0.044542849 0.887674332 0.346066445 0.300479978
1403715321162142976.000000 2.149333954 -0.097119868 -0.180130243 0.034910224 0.891366243 0.362215132 0.270273536
1403715321462142976.000000 2.143684864 -0.109932959 -0.178837657 0.030719249 0.891888976 0.363817275 0.266884595
1403715321712143104.000000 2.117981195 -0.116545618 -0.194871187 0.022897903 0.892448723 0.358101100 0.273449391
1403715321912143104.000000 2.084013224 -0.119208634 -0.216276288 0.038455568 0.900818527 0.343550175 0.262717426
1403715322112143360.000000 2.032671928 -0.119184494 -0.240145922 0.034017663 0.902017295 0.354806066 0.243557498
1403715322362142976.000000 1.953281522 -0.113056004 -0.274800181 -0.009217618 0.906260490 0.361854941 0.218330190
1403715322612143360.000000 1.870020270 -0.085677683 -0.306757450 -0.026303291 0.909475207 0.373756707 0.180191442
1403715322812143104.000000 1.813864589 -0.050687790 -0.334954023 -0.029357547 0.910945952 0.375582278 0.168088183
1403715323012143104.000000 1.772304296 -0.027046680 -0.373890281 -0.035364464 0.912868500 0.371909678 0.164631873
1403715323462142976.000000 1.723551989 0.023895442 -0.484838128 -0.040834833 0.914196491 0.366725802 0.167599082
1403715323862142976.000000 1.738493800 0.042996466 -0.608580709 -0.025285900 0.934834003 0.313244194 0.165300310
1403715324062142976.000000 1.754275322 0.043742180 -0.651781321 -0.014361976 0.944655418 0.282133490 0.166795045
1403715326062142976.000000 1.692048669 -0.048570335 -0.602818012 0.008272060 0.912993550 0.367791206 0.176363096
1403715326312143104.000000 1.653942466 -0.039961398 -0.604450107 -0.015290261 0.919453859 0.353552252 0.171381697
1403715326562142976.000000 1.615921378 -0.029737234 -0.606193542 -0.013313174 0.930463672 0.325651646 0.167365283
1403715326812143104.000000 1.579824924 -0.021708667 -0.591621876 -0.010075199 0.929506779 0.330952227 0.162438497
1403715327062142976.000000 1.543478966 -0.019973755 -0.565442920 0.003030189 0.922147572 0.353813916 0.156366318
1403715327312143104.000000 1.498746991 -0.020993590 -0.543593168 0.012658007 0.917155385 0.368004590 0.152441531
1403715327562142976.000000 1.441670895 -0.019298911 -0.533627391 0.012667206 0.914740324 0.372850239 0.155153111
1403715327812143104.000000 1.376814604 -0.008630514 -0.533259511 -0.004851330 0.910458326 0.367946804 0.188831300
1403715328062142976.000000 1.311828017 0.004943430 -0.541571736 -0.012472706 0.903911471 0.355268806 0.237849906
1403715328412143104.000000 1.229585528 0.020742655 -0.560199857 -0.021411711 0.911572874 0.325361133 0.250432730
1403715328712143104.000000 1.169121385 0.023277283 -0.556639791 -0.028603509 0.906659961 0.340529978 0.247363850
1403715328962142976.000000 1.134635925 0.019799232 -0.538648248 -0.019799214 0.890870512 0.345099032 0.294727862
1403715329262143232.000000 1.107306480 0.019603491 -0.510509610 -0.009805890 0.855599701 0.335883498 0.393745214
1403715330012143104.000000 1.074053407 0.049368441 -0.458333731 -0.001664991 0.830710113 0.326870590 0.450636894
1403715331012143104.000000 1.072216988 0.051307082 -0.448970318 0.026809240 0.804648876 0.326257080 0.495356232
1403715331462142976.000000 1.046321988 0.007303298 -0.495204687 0.002645134 0.761206388 0.304126263 0.572769761
1403715331862142976.000000 1.023832440 -0.036572516 -0.560169756 -0.005045946 0.760103464 0.291981012 0.580486298
1403715332262143232.000000 1.006870627 -0.039103866 -0.608068049 0.008908528 0.760176718 0.318606168 0.566164374
1403715332662142976.000000 1.003853440 -0.022248983 -0.669682562 0.009663550 0.749523461 0.321839660 0.578394711
1403715333062142976.000000 1.023572206 0.001344562 -0.763891399 0.025482938 0.747821808 0.274427950 0.603988826
1403715334312143104.000000 0.935407579 0.123408496 -1.014443755 0.002384863 0.695775151 0.288493991 0.657770932
1403715334712143104.000000 0.921278000 0.155678391 -1.104466915 -0.000544451 0.691411674 0.279715449 0.666114748
1403715335112143360.000000 0.924406528 0.194251776 -1.193056107 -0.005067173 0.692363620 0.275587469 0.666827202
1403715335462142976.000000 0.937663198 0.225270927 -1.260116935 -0.007054463 0.681913793 0.269929111 0.679766238
1403715335862142976.000000 0.968169689 0.258108824 -1.327210426 -0.000169115 0.653667450 0.264719963 0.708972633
1403715336262143232.000000 1.005942345 0.291419297 -1.391622663 0.014146485 0.641791403 0.244304404 0.726786792
1403715336712143104.000000 1.044530272 0.325988233 -1.459392309 0.001509755 0.635437489 0.250090837 0.730528235
1403715337112143360.000000 1.084591389 0.340483010 -1.515321732 -0.000936234 0.634178162 0.245721370 0.733101845
1403715337462142976.000000 1.122432470 0.339459926 -1.551764131 0.000960044 0.595906496 0.251245826 0.762738526
1403715337812143104.000000 1.177288055 0.342920244 -1.590648174 0.009063253 0.583365321 0.240738109 0.775659740
1403715338362142976.000000 1.277357936 0.354408473 -1.656203628 0.016121922 0.584545732 0.241630346 0.774378002
1403715338712143104.000000 1.337669373 0.361446470 -1.702519178 0.016364576 0.542930007 0.221605718 0.809845805
1403715339062142976.000000 1.398799419 0.374179512 -1.756108046 0.004224529 0.507394075 0.205801874 0.836767077
1403715339462142976.000000 1.474370837 0.400116265 -1.805920362 0.006295376 0.501651347 0.197570547 0.842182994
1403715339812143104.000000 1.541839480 0.430389225 -1.837025166 -0.007005889 0.516223073 0.188850835 0.835344255
1403715340212143104.000000 1.601019740 0.450969934 -1.838567376 -0.013828889 0.492689103 0.159173891 0.855412126
1403715340512143104.000000 1.625139713 0.424231559 -1.815401912 0.001220487 0.414871186 0.156944707 0.896241486
1403715340862142976.000000 1.653839350 0.390753597 -1.780016780 0.000836490 0.370629847 0.162087634 0.914527476
1403715341262143232.000000 1.715559840 0.357396483 -1.737910509 0.013035272 0.383646399 0.163615048 0.908776999
1403715341662142976.000000 1.787997246 0.325984508 -1.707262874 0.015981017 0.415741354 0.141897544 0.898203135
1403715342062142976.000000 1.828148842 0.301268548 -1.670722485 0.007424874 0.413733006 0.149717182 0.897972524
1403715342412143104.000000 1.847005129 0.279747456 -1.629681468 -0.000007622 0.390006065 0.166166335 0.905695319
1403715342862142976.000000 1.885693073 0.254106253 -1.560917497 -0.003034186 0.330038995 0.114195935 0.937029600
1403715343312143104.000000 1.923630238 0.220375597 -1.467980266 0.008454306 0.301488876 0.117543824 0.946158826
1403715343712143104.000000 1.959897280 0.200573549 -1.375322104 -0.001395932 0.307551771 0.113041930 0.944791794
1403715344162142976.000000 1.993273735 0.158100158 -1.257100344 0.016593564 0.292442769 0.101173021 0.950771213
1403715344612143360.000000 1.985401750 0.120061092 -1.139339089 0.031305339 0.255076766 0.049984001 0.965120435
1403715345062142976.000000 1.900113106 0.090504125 -1.022859931 0.020946316 0.236325368 0.061356962 0.969508588
1403715347112143360.000000 1.295339227 -0.045758009 -0.618916392 0.012103264 0.248032525 0.118840933 0.961358547
1403715348112143360.000000 1.079752445 -0.139054388 -0.506165147 0.029631402 0.102454536 0.070708476 0.991778910
1403715348512143104.000000 1.017598987 -0.147538468 -0.479989618 0.012700880 0.010669420 0.031953543 0.999351740
1403715348862142976.000000 1.000555038 -0.112582132 -0.429632992 0.022115991 -0.019940166 0.034657322 0.998955548
1403715349862142976.000000 1.123629689 -0.019544045 -0.330681682 0.030637166 -0.085539035 -0.019212391 0.995678365
1403715350662142976.000000 1.245744586 0.053028744 -0.305875659 -0.007898537 -0.128716767 -0.080208801 0.988400817
1403715351062142976.000000 1.244983315 0.057264771 -0.256094009 0.003957475 -0.128841490 -0.078680865 0.988530993
1403715351462142976.000000 1.192470074 0.039653502 -0.195373386 0.018769540 -0.135210276 -0.070204876 0.988148332
1403715352262143232.000000 0.992882431 -0.021078633 -0.126346946 0.020381579 -0.218533248 -0.069091976 0.973167062
1403715354062142976.000000 0.751826704 -0.100687474 -0.016310450 0.029884161 -0.258100241 -0.097150534 0.960756481
1403715354412143104.000000 0.730159163 -0.072360180 -0.002663784 0.014748644 -0.267127335 -0.088208281 0.959502339
1403715354762143232.000000 0.714626133 -0.063665658 0.015959896 0.017948009 -0.263223380 -0.097517014 0.959625840
1403715355962142976.000000 0.682986736 -0.211905032 0.058067493 0.024655113 -0.391270310 -0.155826911 0.906651914
1403715356262143232.000000 0.671709359 -0.240341902 0.075293839 0.029969512 -0.378273010 -0.174073517 0.908685744
1403715356612143360.000000 0.632916570 -0.256057590 0.085065603 0.009748204 -0.367078215 -0.152697384 0.917519569
1403715356912143104.000000 0.584433913 -0.263529539 0.097476818 0.006390521 -0.402044654 -0.152052775 0.902883887
1403715357212143104.000000 0.532746673 -0.285892725 0.116482571 0.015267270 -0.468042046 -0.172716171 0.866529107
1403715357462142976.000000 0.489426613 -0.317328840 0.138173372 0.028976845 -0.490150273 -0.194412276 0.849186063
1403715357762143232.000000 0.434396207 -0.348032713 0.164053649 0.035570662 -0.492998004 -0.209730282 0.843623698
1403715358062142976.000000 0.369653791 -0.361548573 0.182831079 0.040527027 -0.487413257 -0.225991979 0.842444956
1403715358312143104.000000 0.302292913 -0.361374110 0.186763883 0.024229517 -0.491623908 -0.213147655 0.843971014
1403715358762143232.000000 0.146620929 -0.352244735 0.168155491 0.041500319 -0.529014528 -0.210544825 0.821031213
1403715359012143104.000000 0.059567079 -0.342250407 0.150348455 0.039697453 -0.553836465 -0.198752657 0.807580769
1403715359262143232.000000 -0.014217377 -0.327850282 0.136464298 0.041126687 -0.560666203 -0.201509908 0.802094698
1403715359512143104.000000 -0.071299374 -0.309379220 0.124177866 0.053051449 -0.553143263 -0.214330107 0.803293645
1403715359762143232.000000 -0.118522987 -0.297609538 0.095127106 0.049538266 -0.550824523 -0.210399657 0.806145310
1403715360012143104.000000 -0.155240655 -0.286859214 0.055608079 0.033492409 -0.552012324 -0.205635846 0.807387471
1403715360212143104.000000 -0.179719061 -0.278399855 0.021741107 0.029966762 -0.550740540 -0.210630164 0.807107031
1403715360412143104.000000 -0.200961128 -0.271086156 -0.009228930 0.020694673 -0.546941340 -0.196569994 0.813503027
1403715360562142976.000000 -0.214655519 -0.267906129 -0.027467906 0.009530563 -0.534580827 -0.174483940 0.826854229
1403715360712143104.000000 -0.225203112 -0.269188762 -0.039517805 0.010783220 -0.508043647 -0.163871154 0.845530391
1403715361162142976.000000 -0.239391819 -0.279949963 -0.046865683 0.026016202 -0.390739858 -0.148612559 0.908052742
1403715361412143104.000000 -0.250283897 -0.290519059 -0.050393961 0.025122231 -0.323316544 -0.131744593 0.936738312
1403715361662142976.000000 -0.269849837 -0.293693483 -0.055391874 0.024222339 -0.272780299 -0.119396195 0.954331577
1403715361862142976.000000 -0.291479081 -0.289770395 -0.059746843 0.011583505 -0.243648201 -0.105703831 0.964016676
1403715362062142976.000000 -0.302254230 -0.285074562 -0.053219572 0.010076785 -0.208879411 -0.088850826 0.973844647
1403715362312143104.000000 -0.336010635 -0.278936327 -0.042191479 0.011357997 -0.142217204 -0.067931607 0.987436414
1403715362812143104.000000 -0.444337279 -0.273963451 -0.007548757 0.008437924 0.000263033 0.000531103 0.999964237
1403715363112143360.000000 -0.512298942 -0.282927245 0.016134566 0.028841391 0.053402204 0.082601316 0.994732857
1403715363462142976.000000 -0.541475832 -0.299677581 0.028702956 0.023889648 0.122562476 0.108441755 0.986229241
1403715363912143104.000000 -0.502058387 -0.315198123 0.023818325 0.024485826 0.235959738 0.110452197 0.965154767
1403715364312143104.000000 -0.454061151 -0.329778522 0.002890792 0.026169756 0.328514993 0.144233525 0.933053970
1403715364812143104.000000 -0.396569878 -0.345023960 -0.053203609 0.020149274 0.352071702 0.148686841 0.923867822
1403715365312143104.000000 -0.333405972 -0.355524123 -0.119591907 0.010990853 0.417891741 0.150573656 0.895864546
1403715365912143104.000000 -0.294063240 -0.365691125 -0.183479667 0.026193967 0.508633137 0.210543513 0.834432542
1403715366612143360.000000 -0.275347084 -0.324234843 -0.311789811 0.013084867 0.542260885 0.220336914 0.810699403
1403715367312143104.000000 -0.236636847 -0.273773253 -0.466223955 -0.004110010 0.519939065 0.227868840 0.823238909
1403715368062142976.000000 -0.081267670 -0.239645272 -0.616508722 0.007653227 0.515562952 0.212202862 0.830124259
1403715368812143104.000000 0.120405257 -0.163716435 -0.780396879 0.019014331 0.526683152 0.207031816 0.824245811
1403715369612143360.000000 0.297579020 -0.075576611 -0.977945745 -0.005062046 0.411957413 0.168093890 0.895550072
1403715370412143104.000000 0.500738382 -0.016982567 -1.080702782 0.007372467 0.358937949 0.142148405 0.922444046
1403715371262143232.000000 0.710229754 0.014903534 -1.117509842 -0.029950351 0.369531780 0.157970726 0.915201902
1403715372362142976.000000 1.099918127 0.023663167 -1.054228783 0.010628902 0.348651826 0.144749880 0.925946236
1403715373212143104.000000 1.405587196 -0.020844087 -1.025148392 0.020101530 0.305784702 0.133396506 0.942495108
1403715373962142976.000000 1.639920950 -0.039588705 -0.997696102 0.014939114 0.251349390 0.084037788 0.964125514
1403715374662142976.000000 1.759974837 -0.060631037 -0.947848141 -0.003630960 0.100803532 0.034624588 0.994297028
1403715375362142976.000000 1.833273768 -0.114662997 -0.820575237 0.012274411 0.116726927 0.035443731 0.992455542
1403715375962142976.000000 1.838647008 -0.157459512 -0.671287715 0.018734463 0.137076840 0.043593489 0.989423335
1403715376362142976.000000 1.827078700 -0.179921657 -0.573051929 0.040826827 0.129666626 0.051738128 0.989364922
1403715376662142976.000000 1.810336351 -0.185366482 -0.514389813 0.028189614 0.128874749 0.035897356 0.990609944
1403715377012143104.000000 1.770179987 -0.189725414 -0.462721705 0.051176015 0.119353332 0.029731812 0.991086185
1403715377312143104.000000 1.712166548 -0.188839331 -0.432070285 0.030796070 0.112129286 0.025345424 0.992892861
1403715377712143104.000000 1.616020322 -0.175225735 -0.418385148 0.033170931 0.103143729 0.028391007 0.993707716
1403715378312143104.000000 1.441552758 -0.150676444 -0.429498911 0.029162511 0.090797924 0.051353678 0.994116724
1403715380162142976.000000 1.029281020 -0.200543791 -0.384777933 0.022477420 0.104365252 0.022698918 0.994025886
1403715380712143104.000000 0.852344692 -0.247549057 -0.322739094 0.020567697 0.102283165 0.031177571 0.994053900
1403715381212143104.000000 0.681945205 -0.281631619 -0.279366314 0.028163433 0.103050031 0.034155708 0.993690550
1403715381662142976.000000 0.532871723 -0.297671556 -0.255714983 0.032366294 0.113947965 0.040379778 0.992137969
1403715383812143104.000000 -0.023874607 -0.410666853 0.081640467 0.010648896 0.362686157 0.159436822 0.918109596
1403715386512143104.000000 0.176060960 -0.504021645 0.217505530 0.020953916 0.651159644 0.247861788 0.717019260
1403715387212143104.000000 0.187900007 -0.438835442 0.101319969 0.022235887 0.637455583 0.276482940 0.718827605
1403715388712143104.000000 0.295969278 -0.180906683 -0.368153155 0.006124372 0.625900686 0.251073360 0.738358319
1403715389612143360.000000 0.426882625 -0.064175464 -0.649784327 0.002470225 0.620986402 0.235549852 0.747586787
1403715390462142976.000000 0.555547059 0.025949288 -0.839189172 -0.022036683 0.508935153 0.197387770 0.837578356
1403715391312143104.000000 0.767329037 0.077584408 -0.875875294 -0.001676234 0.393610120 0.179398045 0.901601136
1403715392462142976.000000 1.254063368 0.001936208 -0.873243928 0.019939266 0.312366784 0.124582864 0.941545844
1403715393312143104.000000 1.575564742 -0.047620729 -0.846518278 0.016171696 0.127723277 0.024961833 0.991363823
1403715394062142976.000000 1.692138314 -0.056411251 -0.813987195 0.020425538 -0.099126004 -0.042075668 0.993975103
1403715394712143104.000000 1.709251523 -0.048441164 -0.808511853 0.041625317 -0.297318280 -0.121929973 0.946045578
1403715395412143104.000000 1.687464118 -0.017361850 -0.860185146 0.024655001 -0.511042535 -0.209433258 0.833285868
1403715396012143104.000000 1.625997663 0.042005241 -0.901476264 0.014420863 -0.602433324 -0.234105870 0.762929022
1403715396462142976.000000 1.560533166 0.071034461 -0.911216259 0.026291979 -0.602750599 -0.231345594 0.763203621
1403715396762143232.000000 1.520175934 0.088887632 -0.912521839 0.035838746 -0.616146922 -0.241673961 0.748780608
1403715397062142976.000000 1.481224298 0.116148591 -0.916296363 0.014003068 -0.628299236 -0.258152038 0.733758509
1403715397362142976.000000 1.427885294 0.144080520 -0.917795062 -0.012216221 -0.638840437 -0.247735456 0.728258848
1403715397612143360.000000 1.365765810 0.157285720 -0.905029058 -0.016614074 -0.643300712 -0.239687309 0.726937532
1403715397862142976.000000 1.290750742 0.153540313 -0.878702641 0.004638702 -0.646110833 -0.231630668 0.727232099
1403715398112143360.000000 1.216039062 0.141016692 -0.842795730 0.036719747 -0.645102382 -0.224834502 0.729344904
1403715398362142976.000000 1.155644178 0.135859549 -0.803200006 0.043597888 -0.638931274 -0.227901533 0.733435035
1403715398612143360.000000 1.111118913 0.135287404 -0.767475009 0.045386888 -0.631067216 -0.231234446 0.739070237
1403715398862142976.000000 1.080304742 0.133851022 -0.741170406 0.072607547 -0.622855544 -0.235781983 0.742419004
1403715400062142976.000000 1.138358116 0.191903800 -0.864378393 0.018011954 -0.605785966 -0.263744861 0.750424922
1403715400262143232.000000 1.136136055 0.202706099 -0.908173263 0.028334256 -0.581907213 -0.259611070 0.770183921
1403715400812143104.000000 1.076051712 0.248292625 -1.060428143 0.006853975 -0.472541720 -0.202348664 0.857736766
1403715401112143360.000000 1.014018655 0.281746864 -1.142469645 -0.014789170 -0.419626325 -0.165199906 0.892414689
1403715401462142976.000000 0.916101515 0.301742435 -1.209522486 -0.005788385 -0.394505084 -0.168834552 0.903231561
1403715401862142976.000000 0.774951458 0.293785155 -1.257713318 0.013356721 -0.393665642 -0.123883136 0.910769939
1403715402212143104.000000 0.666013598 0.282241374 -1.271287560 0.044190396 -0.380843163 -0.134412020 0.913750052
1403715402512143104.000000 0.590200901 0.280534655 -1.281621695 0.052683286 -0.343013555 -0.145308346 0.926526725
1403715403062142976.000000 0.456328005 0.302356720 -1.347959638 0.013714002 -0.315298378 -0.108317435 0.942690969
1403715403462142976.000000 0.367848873 0.306510508 -1.384504914 -0.003363122 -0.303851336 -0.114714079 0.945782065
1403715403812143104.000000 0.288350046 0.293165267 -1.375708938 -0.011156765 -0.249800086 -0.089834161 0.964056671
1403715404262143232.000000 0.183610111 0.248369873 -1.312077641 0.008664714 -0.147870854 -0.064467385 0.986865342
1403715404762143232.000000 0.045920268 0.207186013 -1.215230942 0.026550312 -0.111685716 -0.051200777 0.992068529
1403715405362142976.000000 -0.125659153 0.183389828 -1.110676885 0.022497406 -0.012980063 0.027387388 0.999287426
1403715405912143104.000000 -0.214504287 0.171012402 -1.024235606 -0.005461589 0.159468532 0.069234230 0.984757125
1403715406412143104.000000 -0.266097426 0.162938565 -0.920877695 0.007994550 0.297073454 0.132675171 0.945558429
1403715407062142976.000000 -0.281494766 0.176292717 -0.794834375 0.003430023 0.445628196 0.194741324 0.873773158
1403715407562142976.000000 -0.236764818 0.173709974 -0.711640239 -0.021547111 0.497578144 0.220428512 0.838667393
1403715408062142976.000000 -0.132880613 0.127539665 -0.619278431 -0.008693894 0.504034817 0.195763871 0.841159821
1403715408512143104.000000 -0.031925559 0.031628098 -0.536246002 0.013019915 0.493617803 0.192615464 0.847980738
1403715409262143232.000000 0.060691290 -0.016460372 -0.391496539 0.036566351 0.340237319 0.132047385 0.930303693
1403715409962142976.000000 0.090078302 -0.088387281 -0.376714587 -0.009127953 0.327998161 0.137518853 0.934570789
1403715412262143232.000000 0.117065087 -0.130657643 -0.218042314 0.019096818 0.309046298 0.125863865 0.942488253
1403715412912143104.000000 0.092750818 -0.111844473 -0.233243719 0.003487719 0.310190320 0.127812833 0.942036986
1403715413562142976.000000 0.078297228 -0.057006229 -0.215188548 0.020144982 0.309042156 0.135896340 0.941073537
1403715414762143232.000000 0.046693183 -0.010028088 -0.206581473 0.006909736 0.317157030 0.126439869 0.939881206
1403715415312143104.000000 0.041103978 0.023699362 -0.165679216 0.024360519 0.320988625 0.153639659 0.934220433
1403715415762143232.000000 0.060665350 0.047647670 -0.174754694 0.007510999 0.341678411 0.119375661 0.932174265
1403715416012143104.000000 0.047511488 0.042539231 -0.149430707 0.010044297 0.346503615 0.117647059 0.930587769
