1413393886005760768.000000 0.000000000 0.000000000 0.000000000 -0.000000000 -0.000000000 -0.000000000 1.000000000
1413393889405760512.000000 0.000733736 -0.001412212 -0.001229721 -0.001169987 -0.000267289 0.001730143 0.999997795
1413393889455760384.000000 0.001091543 -0.001353356 -0.001580802 -0.002494026 0.000051656 0.001859645 0.999995172
1413393889505760768.000000 0.001448029 -0.001273834 -0.002458628 -0.005257465 0.000217794 0.002628388 0.999982715
1413393889555760384.000000 0.002155318 -0.001018700 -0.003670981 -0.011550867 0.000857727 0.002439907 0.999929965
1413393889605760512.000000 0.003355192 -0.001933227 -0.005566552 -0.017777089 0.001817319 0.002009365 0.999838352
1413393889655760640.000000 0.005222288 -0.004210128 -0.007745551 -0.024802778 0.003798305 0.000060551 0.999685168
1413393889705760768.000000 0.007425207 -0.009157379 -0.010219755 -0.029021814 0.006252609 -0.004244577 0.999550223
1413393891705760768.000000 -0.506339014 -0.417956829 -0.045357142 0.126894340 0.007848006 -0.002681189 0.991881609
1413393892855760640.000000 -0.946842670 0.110738151 -1.767778873 -0.094739810 0.026660876 -0.012717518 0.995063722
1413393892955760384.000000 -0.992847145 0.159145907 -1.863066196 -0.117121041 0.025785012 -0.013306354 0.992693663
1413393893055760384.000000 -1.043746591 0.189473897 -1.934439898 -0.129577771 0.024900721 -0.015128987 0.991141081
1413393893255760384.000000 -1.151795268 0.196858212 -1.987651706 -0.115297422 0.022016736 -0.015044771 0.992973030
1413393893505760768.000000 -1.292075396 0.133943632 -1.917443395 -0.096810572 0.015096744 0.011679604 0.995119810
1413393893605760512.000000 -1.344614506 0.093063332 -1.855586410 -0.092266686 0.011619063 0.019803038 0.995469630
1413393893755760384.000000 -1.414568901 0.019340664 -1.727447867 -0.088158235 0.007441283 0.031943306 0.995566368
1413393893855760640.000000 -1.446618319 -0.040643938 -1.620430350 -0.075149238 0.007510503 0.033556808 0.996579230
1413393893955760384.000000 -1.467992306 -0.104377769 -1.501388669 -0.052888289 0.008329174 0.030209580 0.998108625
1413393894055760384.000000 -1.483538032 -0.172218159 -1.374293804 -0.038283084 0.008805658 0.027222686 0.998857260
1413393894155760640.000000 -1.489807010 -0.241257399 -1.246335626 -0.032465667 0.007819245 0.027621239 0.999060512
1413393894305760512.000000 -1.492334008 -0.347293139 -1.040709376 -0.030437384 0.006592871 0.031564660 0.999016404
1413393894455760384.000000 -1.474579453 -0.420820713 -0.824142516 -0.028203119 0.007214793 0.028257675 0.999176741
1413393894605760512.000000 -1.446279764 -0.469771653 -0.593105853 -0.024328901 0.009949815 0.019842541 0.999457538
1413393894755760384.000000 -1.407741904 -0.497668922 -0.350121498 -0.018151043 0.011433631 0.013661430 0.999676526
1413393894905760512.000000 -1.361540079 -0.538677752 -0.115863822 -0.012652480 0.009475437 0.012095071 0.999801934
1413393895055760384.000000 -1.311412573 -0.591451287 0.115040980 0.004169910 0.008250984 0.008838806 0.999918222
1413393895205760768.000000 -1.257845759 -0.646234155 0.331327111 0.001536446 0.007235783 0.005301428 0.999958634
1413393895355760640.000000 -1.202571869 -0.694888592 0.538989007 0.003310323 0.006846164 0.003155762 0.999966145
1413393895505760768.000000 -1.149406791 -0.722450912 0.744957983 0.009736603 0.010310992 0.003189591 0.999894381
1413393895655760640.000000 -1.085264206 -0.746705532 0.942634642 0.007442308 0.024378946 0.008599214 0.999638140
1413393895805760512.000000 -1.021721363 -0.774780869 1.120164037 0.015925242 0.052576683 0.013994513 0.998391867
1413393895955760384.000000 -0.959364474 -0.800051928 1.283905029 0.018282799 0.096623391 0.026234338 0.994807243
1413393896105760512.000000 -0.898304522 -0.826463223 1.423494935 0.014390574 0.156521529 0.037481401 0.986858189
1413393896305760512.000000 -0.825082064 -0.866714895 1.578696966 0.027924787 0.241663486 0.054123539 0.968447030
1413393897105760512.000000 -0.635039449 -1.023490667 1.698726177 -0.054964446 0.496027887 0.239886999 0.832700133
1413393899055760384.000000 0.018341541 -1.514476180 2.652282476 -0.106472731 0.595280945 0.329057783 0.725275993
1413393899505760768.000000 0.262160301 -1.755861044 2.689548731 0.116614491 0.666685164 0.094788343 0.730032265
1413393899555760384.000000 0.269735336 -1.780435681 2.696323395 0.143427610 0.663396537 0.085186876 0.729435921
1413393899605760512.000000 0.260728836 -1.790775895 2.700901508 0.164149165 0.658677518 0.082427286 0.729660690
1413393899705760768.000000 0.205703974 -1.826132059 2.718093872 0.171606615 0.644631147 0.107921541 0.737126052
1413393899805760512.000000 0.123681545 -1.864215493 2.731439590 0.131769508 0.627334476 0.168929890 0.748699486
1413393900005760768.000000 -0.160158634 -1.852354527 2.640789509 0.006894740 0.576973915 0.311681598 0.754922628
1413393900155760640.000000 -0.304941893 -1.838597775 2.533421040 -0.063189015 0.568157077 0.352976352 0.740683794
1413393900355760640.000000 -0.371663094 -1.756800294 2.389393568 -0.117720269 0.597110510 0.304016650 0.732922137
1413393900555760384.000000 -0.315579414 -1.682019830 2.214920044 -0.060179930 0.641678989 0.195493415 0.739194691
1413393900755760384.000000 -0.232470274 -1.590389848 2.116718531 0.057800576 0.665821016 0.108606994 0.735898197
1413393900905760512.000000 -0.247869730 -1.504942894 2.086461067 0.094582073 0.660459578 0.119055837 0.735304773
1413393901255760384.000000 -0.486687899 -1.308570504 1.899565935 -0.048503187 0.615388334 0.258780837 0.742951632
1413393901505760768.000000 -0.577064991 -1.207206249 1.755492449 -0.120586939 0.609661639 0.274799466 0.733659804
1413393902155760640.000000 -0.138297558 -1.208754539 1.661450863 -0.042820740 0.644806087 0.188228488 0.739568472
1413393902355760640.000000 0.030108809 -1.247241378 1.727328062 -0.044496097 0.647197962 0.185397685 0.738093913
1413393902755760384.000000 0.388188243 -1.338887215 1.943046212 -0.038346302 0.647986293 0.182766780 0.738403440
1413393903355760640.000000 0.973106027 -1.735666394 2.348980427 -0.018449066 0.650116086 0.225941882 0.725230396
1413393903855760640.000000 1.534183979 -1.799979329 2.614272356 0.045835927 0.738096237 0.259372979 0.621159136
1413393904005760768.000000 1.667621136 -1.812178731 2.656732082 0.056987233 0.745157897 0.279567838 0.602771938
1413393904205760768.000000 1.806921005 -1.792951703 2.665925026 0.042690407 0.753813803 0.279591560 0.593102694
1413393904355760640.000000 1.899602652 -1.781894803 2.629063129 0.027893968 0.757323623 0.273925990 0.592154860
1413393904655760640.000000 2.041071653 -1.830732107 2.454200268 -0.012500808 0.779169142 0.272327453 0.564426303
1413393904805760512.000000 2.108701706 -1.824222803 2.365278482 -0.056570161 0.795314670 0.288268358 0.530260086
1413393905105760512.000000 2.326773405 -1.790010691 2.187176943 -0.050531924 0.849872351 0.264718056 0.452866226
1413393905255760384.000000 2.455076456 -1.742274165 2.129472971 -0.030814830 0.872779965 0.262313992 0.410483927
1413393905355760640.000000 2.541981697 -1.700899005 2.105084658 -0.016528189 0.884713709 0.267756194 0.381202310
1413393905555760384.000000 2.702120543 -1.638754129 2.065201283 0.001317864 0.902707696 0.284071654 0.323141366
1413393905955760384.000000 2.967360020 -1.556593657 1.965295315 0.057766441 0.915472090 0.343238086 0.201894671
1413393906055760384.000000 2.994126320 -1.543197274 1.918606520 0.050281316 0.916417122 0.356283247 0.175253302
1413393907205760768.000000 3.085857391 -0.931716442 1.434484720 -0.003911629 0.957899630 0.285174280 0.032993786
1413393907305760512.000000 3.062116623 -0.880928278 1.433595777 -0.040218744 0.956168532 0.288304090 0.031702802
1413393907455760384.000000 3.048392534 -0.823236704 1.438380241 -0.064234369 0.952989042 0.294682294 0.029123981
1413393908305760512.000000 3.179995775 -0.570408702 1.611872077 -0.016893283 0.954075575 0.298112959 0.024147302
1413393908505760768.000000 3.210394144 -0.542372465 1.685035229 -0.011694646 0.956699848 0.289996177 0.022154890
1413393908805760512.000000 3.263166904 -0.530143201 1.817214251 0.051140297 0.951140106 0.304023355 0.016942477
1413393909605760512.000000 3.134699583 -0.750351191 2.238453388 0.029173346 -0.950755775 -0.308492184 0.006709598
1413393909755760384.000000 3.136780024 -0.734884381 2.356628180 0.030318113 -0.939678788 -0.340435505 0.013721600
1413393909905760512.000000 3.151592255 -0.690921664 2.461078882 0.030384237 -0.930536687 -0.364250064 0.022364357
1413393910055760384.000000 3.175889254 -0.627948284 2.538971186 0.029736564 -0.924128354 -0.379707187 0.030414114
1413393910255760384.000000 3.230923653 -0.567452312 2.560203791 0.021757537 -0.918009639 -0.394006997 0.039286714
1413393910405760512.000000 3.284234762 -0.549205422 2.500450373 0.006904982 -0.910644293 -0.410714418 0.044642966
1413393910605760512.000000 3.347418547 -0.526030302 2.327326298 -0.020060234 -0.906752646 -0.419053912 0.042321358
1413393910755760384.000000 3.381263494 -0.466819048 2.142401218 -0.025199469 -0.916799963 -0.397169232 0.033157114
1413393910905760512.000000 3.393539429 -0.368314981 1.927778244 -0.018633090 -0.927663565 -0.372505695 0.018237827
1413393911055760384.000000 3.392426491 -0.247420609 1.699723601 0.008522972 0.941042125 0.338179380 0.001337280
1413393911205760768.000000 3.386519432 -0.107005715 1.465207458 0.004796396 0.947247088 0.319866836 0.019626405
1413393911355760640.000000 3.376018763 0.029880285 1.236823201 -0.001030804 0.952147722 0.304267704 0.028892839
1413393911505760768.000000 3.362718821 0.152654439 1.017408967 -0.011427016 0.960662961 0.275886148 0.029714633
1413393911655760640.000000 3.357500315 0.235148251 0.814427733 -0.018165445 0.964707792 0.261499941 0.025034644
1413393911805760512.000000 3.356868029 0.270615160 0.639041781 -0.021083547 0.960830271 0.275739104 0.018128037
1413393911955760384.000000 3.373659849 0.256592989 0.477109313 0.000526139 0.947016180 0.320967525 0.011829875
1413393912105760512.000000 3.386618376 0.213891327 0.305086523 0.029710289 0.926402628 0.375317663 0.005668164
1413393912255760384.000000 3.383765697 0.163390815 0.096717454 -0.037490565 -0.914197624 -0.403529108 0.001176964
1413393912405760512.000000 3.366245508 0.124480866 -0.159678161 -0.036540538 -0.917146027 -0.396801770 0.007506196
1413393912555760384.000000 3.324224710 0.094223797 -0.457801938 -0.033099506 -0.935018241 -0.352893651 0.010555964
1413393912705760768.000000 3.265003920 0.097351477 -0.758619368 -0.024345957 -0.946081579 -0.322911710 0.008057765
1413393912855760640.000000 3.204066753 0.137187988 -1.044659376 -0.010953982 -0.953898311 -0.299740046 0.010674443
1413393913055760384.000000 3.089403868 0.215580702 -1.401031256 -0.015426032 -0.954980254 -0.293583065 0.039797235
1413393913205760768.000000 3.002007723 0.295102894 -1.649589777 -0.037134595 -0.956034839 -0.279653192 0.080078073
1413393913405760512.000000 2.864971161 0.413722515 -1.937802434 -0.062177125 -0.947497964 -0.275168896 0.150544718
1413393913605760512.000000 2.664471149 0.514894724 -2.160070896 -0.069713712 -0.936758637 -0.253457934 0.231046185
1413393913755760384.000000 2.484836578 0.557324409 -2.288611889 -0.055613827 -0.926059484 -0.229890302 0.294060141
1413393913905760512.000000 2.289742947 0.567406833 -2.371553183 -0.047997888 -0.909363627 -0.215361908 0.352665991
1413393914055760384.000000 2.091601372 0.546227515 -2.401211023 -0.025231723 -0.888500512 -0.206861272 0.408825845
1413393914205760768.000000 1.906581402 0.516258419 -2.382125616 0.005185221 -0.855780959 -0.223105505 0.466728985
1413393914355760640.000000 1.740554571 0.468473136 -2.345957756 0.011315296 -0.817411125 -0.246379778 0.520584226
1413393914455760384.000000 1.642749310 0.431164980 -2.324269772 0.005428031 -0.794084013 -0.250341982 0.553831995
1413393914555760384.000000 1.553295374 0.387262315 -2.292457581 -0.004741030 -0.774599254 -0.245094627 0.583011270
1413393914655760640.000000 1.460441470 0.342174023 -2.260041237 -0.012539487 -0.757856965 -0.234394848 0.608731985
1413393914755760384.000000 1.372880936 0.296749622 -2.227031708 -0.024889465 -0.740055799 -0.222485170 0.634191096
1413393915055760384.000000 1.114611149 0.151819497 -2.093554020 -0.033613376 -0.683728039 -0.238939971 0.688689888
1413393915155760640.000000 1.019636512 0.101021230 -2.042642593 -0.032193806 -0.672972023 -0.249813184 0.695460737
1413393915255760384.000000 0.920208454 0.056334108 -1.999984264 -0.029980296 -0.666986704 -0.255204260 0.699357450
1413393915355760640.000000 0.811738253 0.016075313 -1.953670382 -0.022587251 -0.668843329 -0.256736577 0.697298229
1413393916405760512.000000 -0.243170738 -0.160125375 -1.935672283 0.029521540 -0.703944802 -0.239223197 0.668103635
1413393916705760768.000000 -0.442496419 -0.185118079 -2.083612442 -0.003075815 -0.628707707 -0.224947602 0.744389534
1413393916805760512.000000 -0.507504940 -0.196815282 -2.132217407 -0.010951049 -0.594692051 -0.216931894 0.774055541
1413393917205760768.000000 -0.762786746 -0.266197264 -2.342193365 -0.017806092 -0.458164811 -0.116272062 0.881049812
1413393917305760512.000000 -0.813216150 -0.282890677 -2.373409271 -0.026499961 -0.421101570 -0.099583179 0.901140630
1413393917555760384.000000 -0.900954008 -0.316155314 -2.416763783 -0.051087681 -0.312138826 -0.065137863 0.946422994
1413393917655760640.000000 -0.922070503 -0.316027403 -2.409689426 -0.056136660 -0.260376960 -0.058468621 0.962098718
1413393917855760640.000000 -0.954669952 -0.306079268 -2.358552933 -0.031806417 -0.154077679 -0.040776633 0.986704469
1413393918055760384.000000 -0.965253472 -0.313614458 -2.289129734 -0.021167966 -0.062184308 0.005457783 0.997825265
1413393918455760384.000000 -0.873762786 -0.371679813 -2.143119812 -0.032750934 0.110004932 0.087913498 0.989493608
1413393918505760768.000000 -0.848266780 -0.381069958 -2.120625496 -0.033391438 0.133530423 0.096961640 0.985724688
1413393918555760384.000000 -0.821651101 -0.391033381 -2.098758459 -0.033887733 0.157235190 0.106255017 0.981243372
1413393918655760640.000000 -0.753102362 -0.413253278 -2.060539722 -0.026726658 0.207319126 0.120415300 0.970466197
1413393918705760768.000000 -0.708591521 -0.427791297 -2.037849665 -0.020177886 0.234088182 0.130013451 0.963271558
1413393918755760384.000000 -0.664386451 -0.440834463 -2.017036915 -0.015407644 0.260120302 0.141748801 0.954990745
1413393918855760640.000000 -0.564026594 -0.467402935 -1.986005664 0.002695804 0.312539935 0.169680506 0.934623003
1413393918905760512.000000 -0.512109756 -0.478920311 -1.968909144 0.014868056 0.343315095 0.177581623 0.922159672
1413393919055760384.000000 -0.324148715 -0.510437727 -1.943346739 0.039215136 0.437836021 0.184958994 0.878949344
1413393919105760512.000000 -0.264791429 -0.518901706 -1.945935845 0.043742497 0.468759120 0.186058685 0.862399995
1413393919205760768.000000 -0.146976054 -0.527446091 -1.959136963 0.054909151 0.523943901 0.193622187 0.827634096
1413393919255760384.000000 -0.090094090 -0.530877650 -1.970366716 0.061876506 0.549977124 0.196595594 0.809349597
1413393919305760512.000000 -0.033931971 -0.534476519 -1.988219857 0.072576478 0.574782729 0.198226050 0.790609896
1413393919405760512.000000 0.067748070 -0.532102406 -2.029107094 0.094877109 0.616585970 0.204175085 0.754408836
1413393919555760384.000000 0.178442717 -0.500577450 -2.109672308 0.106846489 0.657326877 0.231011078 0.709322989
1413393919655760640.000000 0.233934760 -0.447249472 -2.179342508 0.106467955 0.679877579 0.242247224 0.683920562
1413393919855760640.000000 0.295026302 -0.307807595 -2.350657225 0.088260539 0.722297132 0.207385585 0.653825760
1413393919955760384.000000 0.299072981 -0.216950059 -2.446988344 0.068463296 0.734745264 0.186939314 0.648471951
1413393920055760384.000000 0.283776999 -0.125198603 -2.539533615 0.049067080 0.737269580 0.184368059 0.648100615
1413393920255760384.000000 0.200433493 0.094028488 -2.704767227 0.030373085 0.733483255 0.187414348 0.652652800
1413393920355760640.000000 0.139160156 0.199555963 -2.783638239 0.023794059 0.729981005 0.190438971 0.655968428
1413393920455760384.000000 0.065652847 0.301686525 -2.855596304 0.009727245 0.723999560 0.202879623 0.659219146
1413393920555760384.000000 -0.016224623 0.402730018 -2.920401335 -0.003653526 0.718629003 0.212714300 0.662051082
1413393920955760384.000000 -0.340869188 0.742812514 -3.148352623 -0.033474948 0.708084583 0.219248265 0.670392394
1413393921055760384.000000 -0.418468475 0.824581981 -3.185904026 -0.051655818 0.703531444 0.230917871 0.670113504
1413393921155760640.000000 -0.482782125 0.894314647 -3.226266861 -0.066153198 0.698787093 0.241585389 0.670042455
1413393921255760384.000000 -0.531843662 0.960752249 -3.260801315 -0.075614497 0.696579874 0.245059818 0.670078099
1413393921505760768.000000 -0.583840132 1.083218455 -3.317893505 -0.058423206 0.699298620 0.239122316 0.671110034
1413393921905760512.000000 -0.552966833 1.280487537 -3.322786570 -0.014270919 0.715690255 0.203587919 0.667934060
1413393922105760512.000000 -0.540107012 1.405290484 -3.283579350 -0.009736645 0.719754517 0.198893264 0.665056467
1413393922205760768.000000 -0.544612408 1.473499060 -3.254471302 -0.028290899 0.715108275 0.218245149 0.663467288
1413393922455760384.000000 -0.530002117 1.618711114 -3.170161963 -0.066402338 0.699843585 0.273024112 0.656709611
1413393922555760384.000000 -0.489682436 1.662747860 -3.140696526 -0.047623962 0.698216677 0.282978594 0.655857146
1413393922655760640.000000 -0.438050032 1.700654745 -3.113160372 -0.020657323 0.699580669 0.284011871 0.655360520
1413393922755760384.000000 -0.376636744 1.741640210 -3.099117994 -0.005367755 0.699835598 0.281969160 0.656273365
1413393922905760512.000000 -0.269790411 1.802869201 -3.088486910 -0.019541522 0.700023949 0.280421287 0.656466722
1413393923055760384.000000 -0.140145302 1.846751690 -3.109487057 -0.056036044 0.702672482 0.271028221 0.655480802
1413393923155760640.000000 -0.034180641 1.854928374 -3.129886150 -0.070365749 0.704354048 0.267645866 0.653681695
1413393923255760384.000000 0.089417934 1.848293543 -3.153123379 -0.073412389 0.706142187 0.264691114 0.652619660
1413393923355760640.000000 0.231473923 1.835540056 -3.175512075 -0.052186459 0.705256164 0.268816441 0.653932750
1413393923455760384.000000 0.385122776 1.820840359 -3.193205833 -0.019342301 0.695755243 0.277853906 0.662078321
1413393923605760512.000000 0.620410919 1.800825357 -3.236655951 0.015716830 0.667585790 0.269689769 0.693793654
1413393923755760384.000000 0.853994131 1.790299773 -3.298574686 0.000705004 0.630300999 0.235436916 0.739790261
1413393923905760512.000000 1.098273993 1.789135814 -3.380574226 -0.024986129 0.578318596 0.204517245 0.789364338
1413393924055760384.000000 1.336626053 1.785560012 -3.456809759 -0.039340213 0.525966167 0.185806140 0.829028368
1413393924205760768.000000 1.583249331 1.779743195 -3.533620834 -0.061260626 0.484665960 0.144763663 0.860458910
1413393924355760640.000000 1.834509134 1.769982576 -3.587997437 -0.079074033 0.456043899 0.080774106 0.882749557
1413393924505760768.000000 2.071238279 1.741551518 -3.601193428 -0.092549585 0.441429108 0.027207518 0.892095685
1413393924655760640.000000 2.267271996 1.672492385 -3.551939487 -0.087107077 0.437780559 -0.012523657 0.894764602
1413393924805760512.000000 2.398785830 1.548841238 -3.444056749 -0.069522865 0.442029297 -0.038255557 0.893483758
1413393924955760384.000000 2.442821026 1.350792170 -3.277997494 -0.057304092 0.435999304 0.017064361 0.897958577
1413393925105760512.000000 2.422134638 1.110185742 -3.060881853 -0.044959962 0.414569259 0.087172247 0.904716492
1413393925205760768.000000 2.387598515 0.930914164 -2.933718681 -0.041914407 0.388360351 0.125672579 0.911935270
1413393925355760640.000000 2.368828297 0.671544254 -2.699452400 -0.044048373 0.341755778 0.159146145 0.925167680
1413393925505760768.000000 2.370775461 0.418020755 -2.479374886 -0.039051879 0.320332497 0.141622394 0.935844600
1413393925705760768.000000 2.413247585 0.095737629 -2.174815893 -0.031111132 0.305547208 0.125483036 0.943359435
1413393925855760640.000000 2.463081360 -0.064501077 -1.923388839 -0.023300169 0.303180039 0.115434967 0.945628762
1413393926055760384.000000 2.550641298 -0.198144272 -1.567340136 0.008794816 0.305291295 0.103145652 0.946615458
1413393926305760512.000000 2.641286373 -0.316615552 -1.169372797 0.029869126 0.305306226 0.110037342 0.945403516
1413393926605760512.000000 2.761568785 -0.439468920 -0.774828732 0.024286587 0.290032148 0.099549294 0.951515377
1413393926805760512.000000 2.826553822 -0.468094289 -0.547311246 0.023755345 0.258996516 0.078111388 0.962421477
1413393927155760640.000000 2.921864033 -0.651513457 -0.276386082 -0.023546362 0.181251422 0.082921386 0.979651749
1413393927255760384.000000 2.955181599 -0.729245305 -0.210167095 -0.031235481 0.165967941 0.095404372 0.981008172
1413393927355760640.000000 3.002144814 -0.799755096 -0.143838406 -0.046838731 0.154297918 0.096148431 0.982218862
1413393927455760384.000000 3.064664602 -0.870372534 -0.074852318 -0.053604163 0.148451775 0.072148398 0.984826505
1413393927555760384.000000 3.129543543 -0.951894760 0.001848325 -0.049905013 0.148114547 0.037149437 0.987011433
1413393927655760640.000000 3.191429853 -1.034434080 0.085861862 -0.042865999 0.143835559 0.001666133 0.988671362
1413393927855760640.000000 3.321224213 -1.230401158 0.275225610 -0.012312421 0.129340559 -0.059061468 0.989763200
1413393927955760384.000000 3.339494228 -1.330205321 0.367847681 -0.001094983 0.124390416 -0.067156523 0.989957511
1413393928055760384.000000 3.335400581 -1.434723735 0.462698042 0.004467275 0.123013251 -0.072027147 0.989777744
1413393928155760640.000000 3.313945293 -1.516208172 0.556459010 0.010205363 0.122865938 -0.075058185 0.989528239
1413393928755760384.000000 2.877995729 -1.822360158 1.072955251 0.047377445 0.098391339 0.030695301 0.993545353
1413393928855760640.000000 2.790680170 -1.854628801 1.131032586 0.045137625 0.108367622 0.018455025 0.992914140
1413393928955760384.000000 2.702389717 -1.878405094 1.174712539 0.043201715 0.124029972 0.002028553 0.991335511
1413393929055760384.000000 2.615347147 -1.910009265 1.209077954 0.037081160 0.144412473 -0.003748215 0.988815427
1413393929205760768.000000 2.469811916 -1.945947170 1.228849530 0.028995555 0.181231305 -0.001108354 0.983012319
1413393929455760384.000000 2.160079718 -2.003309488 1.229841590 0.009661712 0.255314827 0.050245892 0.965503156
1413393930405760512.000000 1.012476206 -2.188367128 1.070799470 0.000549092 0.499154985 0.184898213 0.846555769
1413393932255760384.000000 -0.118573993 -0.876202464 0.213339925 -0.020721849 0.471974790 0.169203043 0.864974439
1413393934605760512.000000 -0.417947710 0.098154813 -1.376861095 0.002846774 0.468789250 0.181878582 0.864377677
1413393935105760512.000000 -0.526378691 0.543590784 -1.771478653 -0.047181133 0.389938146 0.173848823 0.903049707
1413393935355760640.000000 -0.476262867 0.756862104 -1.967220902 -0.072820202 0.304381549 0.109882385 0.943384886
1413393935555760384.000000 -0.400232613 0.815461934 -2.089084625 -0.068356961 0.229975432 0.060041331 0.968934298
1413393936405760512.000000 -0.438103765 0.615311563 -1.993827701 -0.038440835 -0.075739607 0.013052858 0.996300876
1413393936755760384.000000 -0.488596439 0.448930323 -1.806853414 0.015336772 -0.213889971 -0.051681355 0.975369155
1413393938655760640.000000 -0.117562890 0.104039088 -2.213360310 0.019963982 -0.548427463 -0.167290911 0.819049776
1413393939555760384.000000 0.320216179 0.353104711 -2.886332273 -0.099307179 -0.646041811 -0.276891738 0.704342961
1413393939705760768.000000 0.371039152 0.426965058 -2.959208727 -0.146710470 -0.629597425 -0.302646071 0.700348914
1413393939855760640.000000 0.326719999 0.487281978 -3.021819592 -0.100868173 -0.634305775 -0.291043878 0.709066510
1413393940005760768.000000 0.219442844 0.526481509 -3.079137564 0.006699648 -0.663674951 -0.197667420 0.721400321
1413393940405760512.000000 0.179876804 0.588478208 -3.161540747 0.042798180 -0.680322587 -0.133424848 0.719393671
1413393940555760384.000000 0.294863224 0.620136499 -3.151978254 -0.055164602 -0.653102040 -0.220633596 0.722312510
1413393940755760384.000000 0.395357847 0.598717093 -3.136982441 -0.154472157 -0.626450181 -0.253095716 0.720861316
1413393941405760512.000000 0.267063618 0.275851458 -2.771730661 0.028156709 -0.664452791 -0.162284970 0.728953540
1413393941605760512.000000 0.338873863 0.196765244 -2.610258818 -0.063116401 -0.641779423 -0.251003772 0.721895158
1413393941805760512.000000 0.349148631 0.108485103 -2.446332932 -0.104636610 -0.620356917 -0.294605762 0.719316304
1413393942005760768.000000 0.238300323 0.017415553 -2.267294168 -0.048914257 -0.631754220 -0.248782471 0.732530832
1413393942205760768.000000 0.091091990 -0.077514939 -2.101046801 0.057650235 -0.651666880 -0.157772839 0.739671946
1413393943155760640.000000 0.051008582 -0.265709996 -1.493871331 -0.020543102 -0.627732038 -0.245727018 0.738341868
1413393943405760512.000000 -0.083675146 -0.275567293 -1.379672289 0.080922402 -0.657739818 -0.148813352 0.733951271
1413393943605760512.000000 -0.090372682 -0.281195223 -1.311058283 0.056598105 -0.648544908 -0.177536249 0.738015652
1413393943805760512.000000 -0.034912169 -0.276945084 -1.259155035 -0.033630177 -0.618663371 -0.259684682 0.740735114
1413393944005760768.000000 -0.033055067 -0.288956761 -1.231305838 -0.057199664 -0.592556298 -0.273218930 0.755616724
1413393944555760384.000000 -0.206895113 -0.444250852 -1.149533153 0.047671601 -0.546998322 -0.114973553 0.827829301
1413393944855760640.000000 -0.133938640 -0.500375092 -1.116151452 -0.057185002 -0.491461545 -0.215587854 0.841853499
1413393945155760640.000000 -0.181145430 -0.615735769 -1.064485192 -0.020126000 -0.479927212 -0.187279195 0.856849670
1413393945555760384.000000 -0.255338222 -0.634923697 -0.972912550 0.054869372 -0.420332551 -0.105738424 0.899516165
1413393945905760512.000000 -0.181980789 -0.541670501 -0.967874944 -0.059001371 -0.312735945 -0.144818202 0.936879277
1413393946605760512.000000 -0.171601698 -0.478353679 -1.035851955 -0.020426925 -0.129704863 -0.032451484 0.990810931
1413393947155760640.000000 -0.106944427 -0.461476862 -1.053218842 0.046468914 0.081241772 -0.002490290 0.995607495
1413393948255760384.000000 -0.043027282 0.032956976 -1.274656296 -0.006457123 0.426475942 0.073044777 0.901521504
1413393948755760384.000000 -0.151346296 0.092034340 -1.353762269 -0.022679146 0.484054059 0.146905661 0.862320185
1413393950155760640.000000 -0.774709463 0.038836628 -1.815341830 0.009209203 0.643773079 0.292100966 0.707211733
1413393950505760768.000000 -0.861034513 0.124566138 -2.269529819 -0.066263974 0.660719454 0.258985281 0.701416790
1413393950905760512.000000 -0.758498192 0.325758934 -2.716107368 -0.017505586 0.683922827 0.213678628 0.697341084
1413393952605760512.000000 0.081919670 0.934299886 -3.381502390 -0.019222261 0.691767037 0.208431885 0.691118658
1413393952855760640.000000 0.229937077 0.892815471 -3.381790638 -0.022251789 0.653545618 0.198407605 0.730080426
1413393953205760768.000000 0.434179068 0.841435909 -3.348571062 0.001333371 0.620299280 0.224524245 0.751542330
1413393953555760384.000000 0.654119015 0.874852717 -3.370954514 0.022269806 0.622409701 0.218239695 0.751319945
1413393953955760384.000000 0.851317406 0.880027652 -3.510327816 0.007495842 0.635674298 0.165121943 0.754053533
1413393954305760512.000000 0.918000460 0.916332066 -3.572493553 -0.053115018 0.575294018 0.201784357 0.790884733
1413393954605760512.000000 1.034961700 0.888779104 -3.578028440 -0.076643467 0.504585207 0.192097604 0.838223100
1413393954955760384.000000 1.319121122 0.813353300 -3.493495941 -0.083364233 0.457262427 0.170172259 0.868909001
1413393955355760640.000000 1.791617393 0.666073799 -3.266363859 -0.025863420 0.427504152 0.141763434 0.892454207
1413393955855760640.000000 2.328140736 0.551587760 -2.929856539 -0.011488311 0.322278887 0.014915541 0.946457565
1413393956405760512.000000 2.593438864 0.441626817 -2.480694056 0.001580286 0.193434045 0.050194491 0.979827225
1413393956955760384.000000 2.722359419 0.307202935 -2.097155809 -0.023969363 -0.009978031 0.005299508 0.999648869
1413393957405760512.000000 2.817617893 0.186010227 -1.782375455 -0.023632858 -0.180363864 -0.062040783 0.981356859
1413393957855760640.000000 2.932819366 0.154716879 -1.416294813 0.024726499 -0.342893720 -0.119495682 0.931414723
1413393958105760512.000000 3.009005547 0.190671682 -1.257012010 0.019684197 -0.392082393 -0.182068497 0.901518166
1413393959505760768.000000 2.843054056 0.290524989 -0.753304064 0.001322672 -0.412286252 -0.133846372 0.901167810
1413393959755760384.000000 2.832270622 0.322086364 -0.672505140 0.056884680 -0.415092170 -0.114916965 0.900697887
1413393960755760384.000000 2.882052660 0.494214594 -0.634120822 -0.008167875 -0.467478395 -0.173642278 0.866744220
1413393960955760384.000000 2.831985474 0.646938860 -0.591502428 -0.033899698 -0.510367513 -0.197405085 0.836305618
1413393961255760384.000000 2.688965559 0.745988786 -0.548042536 -0.007868407 -0.542030811 -0.173471794 0.822221518
1413393961505760768.000000 2.597547770 0.696391463 -0.534102201 0.055309676 -0.561076343 -0.107044347 0.818947911
1413393961855760640.000000 2.692906618 0.480048656 -0.598127007 0.013364564 -0.536296964 -0.180822998 0.824323952
1413393962105760512.000000 2.789895296 0.201093495 -0.722365022 -0.013331824 -0.530181646 -0.199063227 0.824077368
1413393962405760512.000000 2.847661018 -0.224866450 -0.908395648 -0.044822775 -0.524159133 -0.219741493 0.821560502
1413393962655760640.000000 2.814019203 -0.478136063 -1.006484509 -0.079086527 -0.487748235 -0.243939534 0.834470212
1413393962905760512.000000 2.665776014 -0.653754413 -1.055431008 -0.017963627 -0.416978657 -0.227909610 0.879694998
1413393963205760768.000000 2.352460146 -0.753039360 -1.118285656 0.032070048 -0.304839611 -0.171251088 0.936331928
1413393963855760640.000000 1.543639421 -0.509601235 -1.456621647 0.032048170 -0.090450801 -0.056659933 0.993771255
1413393964605760512.000000 0.554662049 0.243862227 -2.041055918 -0.000354435 0.107329890 0.056188013 0.992634416
1413393965305760512.000000 0.096973777 0.749780059 -2.728368282 -0.094852865 0.231791183 0.204093754 0.946372867
1413393965705760768.000000 0.416364968 0.818769872 -2.933027506 -0.121899597 0.301838458 0.027693307 0.945128083
1413393967655760640.000000 -0.156772137 0.123443022 -1.447771907 0.025631549 0.390196711 0.138304085 0.909923971
1413393968905760512.000000 -0.729115427 -0.093805388 -1.177113414 -0.036304228 0.525625706 0.156177670 0.835468829
1413393969555760384.000000 -0.782427371 0.016671821 -0.793707788 0.034673169 0.653283775 0.234764695 0.718960106
1413393969955760384.000000 -0.874073029 0.007885277 -0.782136321 0.032089956 0.695616424 0.280362457 0.660670042
1413393970755760384.000000 -0.891491294 -0.139384419 -1.128731012 -0.039494053 0.728462338 0.186993003 0.657887876
1413393971305760512.000000 -0.831314683 -0.223573148 -0.897367597 0.018669022 0.735456526 0.135264426 0.663670659
1413393971805760512.000000 -1.129395247 -0.385683328 -0.396863103 0.087980673 0.687790334 0.272295594 0.667127371
1413393972405760512.000000 -1.740643620 -0.395149708 -0.327372670 -0.007796070 0.712452471 0.259950191 0.651748896
1413393972955760384.000000 -2.108409643 -0.289053977 -0.389421701 -0.058631264 0.726513624 0.228642061 0.645339549
1413393973555760384.000000 -2.279991388 -0.277202129 -0.141184568 0.022614941 0.747686028 0.136828646 0.649409056
1413393974105760512.000000 -2.824841976 -0.373719335 0.237612486 0.022956640 0.650557995 0.373638719 0.660788476
1413393974555760384.000000 -2.898502350 -0.402156353 0.001584291 -0.191342160 0.659560263 0.302631021 0.660895526
1413393974855760640.000000 -2.427367449 -0.538844049 -0.101307392 -0.116097033 0.699580550 0.173670188 0.683335364
1413393975455760384.000000 -1.432487726 -0.662744999 0.203147054 0.008988040 0.705973566 0.179229885 0.685125649
1413393976205760768.000000 -0.848365068 -0.854007185 0.782115579 0.021188973 0.709798157 0.220669791 0.668612301
1413393977005760768.000000 -0.801034331 -0.826640487 1.130933881 -0.001690380 0.660126090 0.259757370 0.704809844
1413393978055760384.000000 -0.556782484 -1.030646443 1.148128867 -0.026832452 0.693738580 0.213276178 0.687400997
1413393979055760384.000000 -0.271079302 -1.322723389 1.330175161 0.030130349 0.810898066 0.285582513 0.509881616
1413393979705760768.000000 -0.370075226 -1.237396717 1.132434726 0.057071049 0.899697185 0.315222174 0.296517879
1413393980255760384.000000 -0.751577914 -1.025764465 0.783406973 -0.022980219 0.927869380 0.351820171 0.121461563
1413393981005760768.000000 -1.016640663 -0.758589864 0.024549901 -0.017978450 0.932577610 0.348768532 0.091303051
1413393982455760384.000000 -0.858609915 -0.219868898 -2.074213505 -0.041548222 0.907861471 0.296611428 0.293399066
1413393982955760384.000000 -0.482142925 -0.030868933 -2.640015125 -0.065474629 0.788733006 0.233837113 0.564742029
1413393983555760384.000000 0.105811357 0.060643196 -2.898949623 -0.076135196 0.568075001 0.103494346 0.812885761
1413393984155760640.000000 0.427546829 -0.159331203 -2.476606131 -0.031446170 0.328782201 0.004245097 0.943872571
1413393985005760768.000000 -0.225162297 -0.645917952 -1.413006544 -0.016000161 0.118969955 0.062162172 0.990820885
1413393985505760768.000000 -0.643470049 -0.670854330 -0.725489199 -0.002672393 0.297389239 0.074680135 0.951827407
1413393986355760640.000000 -1.106108546 -0.810220480 0.225493014 -0.004301380 0.528346181 0.260587811 0.808038235
1413393987405760512.000000 -0.806247830 -1.006632686 0.695391536 -0.026583610 0.729487002 0.227022231 0.644672751
1413393988655760640.000000 -0.444774866 -1.094983578 1.739499807 -0.051258914 0.773335397 0.197254375 0.600346267
1413393990505760768.000000 0.282157898 -1.561295986 2.779867887 0.049194161 0.904116929 0.311996996 0.287767947
1413393990905760512.000000 0.165980577 -1.468442321 2.814775229 -0.044642050 0.887031078 0.423222125 0.179069802
1413393991205760768.000000 0.201125860 -1.414570451 2.589423895 -0.060877670 0.944207430 0.270936757 0.177086473
1413393991605760512.000000 0.360999823 -1.428109050 2.458818436 0.038537167 0.940784514 0.271142483 0.199802950
1413393992205760768.000000 0.294156313 -1.548010111 2.372281551 -0.018686077 0.947491646 0.252773225 0.194977432
1413393992655760640.000000 0.205191135 -1.620438814 2.356729031 0.025653772 0.926901281 0.322637081 0.190003246
1413393993005760768.000000 0.088353276 -1.612251997 2.340272665 -0.025478173 0.947701275 0.255113155 0.190080300
1413393993405760512.000000 0.002460957 -1.656700373 2.449721098 -0.039375756 0.891578615 0.411841482 0.184183985
1413393993805760512.000000 0.091523528 -1.706892252 2.261925459 -0.025968870 0.952819288 0.236158878 0.188918129
1413393994205760768.000000 0.200154066 -1.682235718 2.334260464 0.030741382 0.965445936 0.175288022 0.190376535
1413393994555760384.000000 0.133148432 -1.869934916 2.737525225 0.010593680 0.904967904 0.380428553 0.190249801
1413393995005760768.000000 0.056736469 -1.815563321 2.983306646 -0.036782302 0.908136845 0.380314469 0.171159208
1413393995755760384.000000 0.090732098 -1.489734054 2.748159170 0.023658302 0.894086659 0.278018028 0.350364566
1413393996205760768.000000 -0.142637968 -1.344190598 2.599054813 0.027839821 0.825453162 0.227058038 0.516039550
1413393996805760512.000000 -0.626598835 -1.059661865 2.495348215 -0.026670739 0.783719182 0.277620971 0.554976940
1413393997505760768.000000 -0.920629263 -0.799838662 2.376921177 -0.025225284 0.756072819 0.238731250 0.608871877
1413393998205760768.000000 -1.044699669 -0.561183095 2.411247015 -0.029637393 0.760135472 0.238956228 0.603502810
1413393998705760768.000000 -1.039607286 -0.573010087 2.532094240 0.004212813 0.760224104 0.269728333 0.591005981
1413393999155760640.000000 -1.015206814 -0.533212602 2.591341496 -0.019295964 0.769135296 0.240917057 0.591622829
1413393999555760384.000000 -0.973984480 -0.479279101 2.648325682 -0.002350275 0.758549035 0.276783645 0.589905620
1413393999805760512.000000 -0.926432133 -0.439244121 2.653458118 0.016244212 0.758210063 0.278388977 0.589366913
1413394000055760384.000000 -0.884890556 -0.350237995 2.634818554 -0.004832317 0.769698560 0.246491194 0.588882744
1413394000155760640.000000 -0.888047695 -0.370116323 2.633163452 -0.002990141 0.773153007 0.238783166 0.587544203
1413394000455760384.000000 -0.897758722 -0.354451984 2.636811733 -0.001001785 0.780180335 0.238762856 0.578195333
1413394000655760640.000000 -0.896987200 -0.350090384 2.637849331 -0.000635179 0.780410409 0.238459617 0.578010678
