1413393212255760384.000000 0.000000000 0.000000000 0.000000000 -0.000000000 -0.000000000 -0.000000000 1.000000000
1413393217055760384.000000 0.002872800 -0.011931633 -0.006326545 -0.007830672 0.013948772 -0.014025711 0.999773681
1413393217105760512.000000 0.002269066 -0.015079153 -0.008533111 -0.008652921 0.014662422 -0.013872026 0.999758840
1413393217355760640.000000 -0.004096224 -0.031356569 -0.022265483 -0.012569469 0.017020043 -0.015105473 0.999662042
1413393219055760384.000000 -0.142301738 -0.035575334 -0.164686590 -0.051514201 0.013205605 0.007353900 0.998557866
1413393219305760512.000000 -0.159559563 -0.039233241 -0.179023921 -0.045599163 0.010683752 0.007137289 0.998877227
1413393219455760384.000000 -0.167634919 -0.043489005 -0.183017254 -0.043140993 0.008409310 0.008226064 0.998999774
1413393219755760384.000000 -0.179173768 -0.048262261 -0.182027653 -0.027931716 0.007876693 0.004731676 0.999567628
1413393219805760512.000000 -0.180189013 -0.051545437 -0.181608140 -0.024157038 0.008555176 0.001848733 0.999669850
1413393221805760512.000000 -0.214296281 -0.182509989 -0.206923693 -0.027220661 0.017933862 -0.007731308 0.999438703
1413393221955760384.000000 -0.214637309 -0.190819576 -0.202506304 -0.021090426 0.015176276 -0.006934572 0.999638379
1413393223055760384.000000 -0.229633167 -0.198368818 -0.140528336 -0.051416948 -0.001314019 -0.005840227 0.998659372
1413393223155760640.000000 -0.231891245 -0.209700182 -0.130128607 -0.047670204 -0.002250012 -0.007720327 0.998830795
1413393223505760768.000000 -0.238815010 -0.234745950 -0.080521844 -0.033734076 -0.002250509 -0.015674474 0.999305427
1413393223805760512.000000 -0.249172375 -0.216962844 -0.025287712 -0.020941470 0.005551284 -0.013675767 0.999671757
1413393224155760640.000000 -0.268732786 -0.225807518 0.027722856 -0.021324081 0.016762573 -0.011290068 0.999568343
1413393224355760640.000000 -0.283702493 -0.221935004 0.057568200 -0.016834775 0.020160174 -0.011856817 0.999584734
1413393224705760768.000000 -0.311359197 -0.189025551 0.112560093 -0.014910281 0.051388141 0.018675214 0.998392820
1413393224905760512.000000 -0.324781030 -0.171578035 0.139143497 -0.022260724 0.080373168 0.035494477 0.995883942
1413393225255760384.000000 -0.340441942 -0.165941551 0.174362436 -0.030122438 0.105111912 0.037120398 0.993310750
1413393225355760640.000000 -0.343595952 -0.167221785 0.183526635 -0.031440921 0.110795453 0.038768958 0.992588937
1413393225555760384.000000 -0.346285969 -0.171914220 0.202268630 -0.033140585 0.138237104 0.060047384 0.988021553
1413393225655760640.000000 -0.345038384 -0.176367253 0.211193383 -0.032203335 0.160740361 0.072699390 0.983788729
1413393226455760384.000000 -0.311596394 -0.184742749 0.281879097 -0.031444788 0.348711073 0.118188895 0.929216444
1413393226555760384.000000 -0.308338463 -0.185216486 0.289905727 -0.037905995 0.352777153 0.126112148 0.926394701
1413393226805760512.000000 -0.295135677 -0.179943457 0.315271169 -0.039338872 0.363648772 0.112471543 0.923884273
1413393227105760512.000000 -0.276664704 -0.180165112 0.349313885 -0.037236784 0.364026904 0.099127963 0.925349414
1413393227255760384.000000 -0.268779457 -0.183463424 0.367896408 -0.029703816 0.359834194 0.107385360 0.926339805
1413393227505760768.000000 -0.255455434 -0.191795141 0.399334192 -0.028195089 0.358429968 0.115915291 0.925903141
1413393228805760512.000000 -0.131626934 -0.218288541 0.504873574 -0.028446335 0.549761117 0.177444428 0.815761626
1413393228955760384.000000 -0.114137411 -0.219390422 0.514727354 -0.034195218 0.552486598 0.188541740 0.811197400
1413393230005760768.000000 0.033003032 -0.211285204 0.601140916 -0.043288477 0.542034686 0.188649580 0.817762792
1413393230155760640.000000 0.060824573 -0.214881063 0.611594200 -0.045008712 0.545012712 0.169794708 0.819820166
1413393230305760512.000000 0.090541542 -0.217571646 0.626500487 -0.041535992 0.545189559 0.160095543 0.821834862
1413393230455760384.000000 0.120425433 -0.219574183 0.643028438 -0.034367699 0.542390943 0.167104781 0.822622061
1413393230605760512.000000 0.150249928 -0.221471727 0.660032988 -0.027928347 0.549676597 0.180792019 0.815101147
1413393230755760384.000000 0.183232456 -0.226202190 0.674788952 -0.023987154 0.568343341 0.194735527 0.799054801
1413393231105760512.000000 0.264318496 -0.240158752 0.696233988 -0.036841054 0.630582035 0.193666101 0.750668049
1413393231305760512.000000 0.312248379 -0.250039637 0.711463273 -0.041030116 0.648220778 0.190198943 0.736173034
1413393231455760384.000000 0.348148584 -0.254879057 0.723642707 -0.027214509 0.649959385 0.198509961 0.733079851
1413393231755760384.000000 0.416103065 -0.250843853 0.756544232 0.012299623 0.657015145 0.195978403 0.727854669
1413393232105760512.000000 0.477427065 -0.244876727 0.777090490 0.002659892 0.681756318 0.235527426 0.692624032
1413393232255760384.000000 0.502149642 -0.242889807 0.777830005 -0.004117514 0.705273867 0.235812441 0.668553948
1413393232405760512.000000 0.525564969 -0.235356152 0.773775816 -0.004703992 0.726781428 0.241057441 0.643162549
1413393232655760640.000000 0.565237939 -0.214689851 0.763069093 -0.005534685 0.751286328 0.253299594 0.609407663
1413393232805760512.000000 0.589140534 -0.201316074 0.754139900 -0.007239501 0.758373857 0.254464298 0.600053847
1413393232955760384.000000 0.613699853 -0.188509926 0.743035436 -0.012952359 0.762269914 0.252673417 0.595762551
1413393233105760512.000000 0.637653291 -0.179036841 0.728233099 -0.023758505 0.763304830 0.248870686 0.595705271
1413393233255760384.000000 0.662643135 -0.173531443 0.711652577 -0.024734845 0.766661644 0.240833908 0.594657063
1413393233405760512.000000 0.691176772 -0.176082730 0.692353904 -0.017779257 0.778256178 0.229945153 0.584060311
1413393233555760384.000000 0.718506098 -0.183130264 0.672438085 -0.010274043 0.793059111 0.228475332 0.564580142
1413393233655760640.000000 0.734434962 -0.188951671 0.658999443 -0.016448401 0.803412378 0.233714089 0.547390044
1413393233805760512.000000 0.756296098 -0.202851489 0.638767004 -0.021524290 0.820151091 0.237963349 0.519867718
1413393233955760384.000000 0.779683709 -0.220700338 0.619923592 -0.012823137 0.834715307 0.233673975 0.498480082
1413393234055760384.000000 0.794001162 -0.232692912 0.609157085 -0.005373995 0.841812313 0.241449699 0.482726812
1413393234155760640.000000 0.807107389 -0.242761403 0.599351168 -0.002133372 0.848348796 0.251763910 0.465741158
1413393234255760384.000000 0.818931282 -0.251743853 0.589725673 0.009829834 0.854956210 0.254647255 0.451783121
1413393234355760640.000000 0.829553664 -0.258870095 0.580155134 0.039446123 0.862778068 0.250308752 0.437496901
1413393234755760384.000000 0.830425501 -0.273288906 0.539637625 0.003439954 0.902147830 0.234723613 0.361969948
1413393234905760512.000000 0.814915836 -0.285432905 0.527439117 -0.025113743 0.908461690 0.255530834 0.329803914
1413393235055760384.000000 0.802049041 -0.288365752 0.520055473 -0.008485955 0.914348066 0.275301635 0.296824157
1413393236605760512.000000 0.807029665 -0.246309906 0.479834229 -0.004012513 0.948840499 0.312529922 0.044840518
1413393236955760384.000000 0.818714261 -0.241549790 0.465632260 -0.020355433 -0.949800849 -0.312048316 0.009479387
1413393237055760384.000000 0.819911957 -0.242927700 0.457330823 -0.010793392 -0.952689111 -0.303362906 0.015423547
1413393237305760512.000000 0.821765423 -0.250426918 0.435523748 0.028414572 -0.956362188 -0.290235013 0.018103318
1413393237455760384.000000 0.826510310 -0.246262759 0.426052213 0.031315010 -0.956780851 -0.288758546 0.014432295
1413393237605760512.000000 0.835212946 -0.239868134 0.418570995 0.004767730 -0.957635939 -0.287833065 0.007926016
1413393238805760512.000000 0.884313822 -0.225511223 0.311542869 -0.039606765 -0.952771068 -0.300668716 0.016028184
1413393239005760768.000000 0.883733749 -0.215817139 0.284842402 -0.011254452 -0.953820646 -0.299483091 0.020234331
1413393239205760768.000000 0.880257249 -0.207009405 0.257227123 0.016399939 -0.953516364 -0.300063193 0.022354824
1413393239555760384.000000 0.882917643 -0.196924880 0.205272347 0.021630758 -0.952341378 -0.303314000 0.024055017
1413393239655760640.000000 0.887999356 -0.195503309 0.189130723 0.008321189 -0.952402174 -0.303870380 0.022882886
1413393239755760384.000000 0.892500579 -0.194718212 0.172472000 -0.014907712 -0.952428281 -0.303636253 0.021523770
1413393240205760768.000000 0.896812856 -0.187831372 0.094021261 0.013729998 -0.954217374 -0.298151404 0.019657645
1413393240305760512.000000 0.897472978 -0.182736546 0.076814681 0.016764145 -0.953955531 -0.298896432 0.018675240
1413393240405760512.000000 0.899345517 -0.174838901 0.060639411 0.008800006 -0.954201519 -0.298495144 0.017963542
1413393240705760768.000000 0.904031992 -0.150201321 0.013016537 -0.013901229 -0.954533815 -0.297191083 0.018693967
1413393240905760512.000000 0.902770102 -0.144911095 -0.021523193 0.002848512 -0.958083630 -0.285402834 0.024756834
1413393242555760384.000000 0.896124721 -0.043188617 -0.165009975 -0.023579009 -0.955299973 -0.293597758 0.025424367
1413393242705760768.000000 0.897110105 -0.043283105 -0.168288872 -0.032698017 -0.950976729 -0.306551903 0.024496607
1413393244605760512.000000 0.864739835 -0.032864913 -0.185934007 -0.008247733 0.947584271 0.276500106 0.159886599
1413393245055760384.000000 0.869058490 -0.045535743 -0.154915035 0.005804121 0.942400873 0.286129802 0.173137978
1413393246905760512.000000 0.865420461 -0.010162458 -0.051183999 -0.021841807 0.937306464 0.275394469 0.212455764
1413393247405760512.000000 0.876512229 0.012944996 -0.013370693 -0.008446686 0.923902869 0.306554079 0.228815988
1413393247555760384.000000 0.881635368 0.021818727 -0.004935622 -0.001660235 0.918673873 0.319163293 0.232745260
1413393247705760768.000000 0.886435688 0.031439051 -0.002442658 0.006384208 0.916307628 0.322389156 0.237496838
1413393247905760512.000000 0.891028464 0.045272708 -0.009121954 0.022978613 0.917836905 0.310872048 0.245776370
1413393248105760512.000000 0.889344692 0.057811379 -0.024643302 0.016133450 0.930662751 0.266334742 0.250344664
1413393248705760768.000000 0.853051305 0.057485670 -0.061330199 0.004175775 0.938805163 0.248758957 0.238215059
1413393249305760512.000000 0.800167501 0.046496227 -0.060337245 -0.017587656 0.930455148 0.299459606 0.210399181
1413393249555760384.000000 0.788591325 0.051858351 -0.063161969 -0.039710037 0.933783889 0.287924975 0.208734319
1413393249955760384.000000 0.795700014 0.069795057 -0.058262289 -0.027474741 0.934948206 0.277430087 0.219430044
1413393250355760640.000000 0.822596073 0.086141527 -0.047011435 -0.021132898 0.933882415 0.287873864 0.211058557
1413393250555760384.000000 0.840933442 0.091062531 -0.042739570 0.004801608 0.940166891 0.270314366 0.207348272
1413393250755760384.000000 0.855627358 0.093520142 -0.036098480 0.013910308 0.938857317 0.273574531 0.208591506
1413393250955760384.000000 0.864700496 0.095129937 -0.028213441 0.006674725 0.932307065 0.295195431 0.208850846
1413393251305760512.000000 0.871560037 0.091730304 -0.028504372 0.000218599 0.945781410 0.290838212 0.144605339
1413393252555760384.000000 0.860885859 0.022704363 -0.000383019 -0.014519974 -0.934046030 -0.299871981 0.193452716
1413393253255760384.000000 0.854365110 0.022720546 0.012380660 0.001881209 -0.914764583 -0.310760856 0.258127779
1413393253455760384.000000 0.856424153 0.021532297 0.004101753 -0.010687630 -0.912360013 -0.315864712 0.260220200
1413393253705760768.000000 0.854435682 0.018363521 -0.016139627 -0.008634682 -0.918720424 -0.297908962 0.259091735
1413393254105760512.000000 0.845892429 0.006435558 -0.059578419 -0.010711297 -0.914507687 -0.287869781 0.284063369
1413393254555760384.000000 0.833483934 -0.013685808 -0.112296402 0.004636073 -0.889107108 -0.298315436 0.347095042
1413393254755760384.000000 0.829985619 -0.020446807 -0.141594529 -0.003697383 -0.889586329 -0.288403362 0.354183555
1413393254955760384.000000 0.828089595 -0.026489452 -0.173461795 -0.005989021 -0.895018280 -0.273161650 0.352546632
1413393256055760384.000000 0.792867780 -0.030810207 -0.270564914 -0.006928621 -0.885147929 -0.290597260 0.363343388
1413393256255760384.000000 0.779584646 -0.025135949 -0.280870795 -0.006061024 -0.883553922 -0.290881634 0.366992623
1413393256455760384.000000 0.765949965 -0.020160884 -0.296510279 -0.019139564 -0.883428454 -0.290953279 0.366788834
1413393256655760640.000000 0.750388026 -0.020316929 -0.316717207 -0.017273793 -0.884942949 -0.291857660 0.362486959
1413393256855760640.000000 0.731327415 -0.014777839 -0.338429004 -0.003694054 -0.887535155 -0.292319655 0.356113672
1413393257105760512.000000 0.708386302 0.002501421 -0.367043138 -0.011911042 -0.892183185 -0.286300957 0.349140584
1413393257655760640.000000 0.653466046 0.043812104 -0.436972082 -0.018477229 -0.891816139 -0.281130463 0.353960752
1413393257855760640.000000 0.630417705 0.059822466 -0.461581320 -0.011258348 -0.888859153 -0.283856094 0.359483510
1413393258055760384.000000 0.607190073 0.072826669 -0.487482697 0.000939412 -0.886335850 -0.286763430 0.363558263
1413393258255760384.000000 0.587588727 0.085558258 -0.516484082 0.001733396 -0.890846789 -0.282955617 0.355422497
1413393260655760640.000000 0.500445187 0.142391354 -0.794425607 -0.047372922 0.928205967 0.201915413 0.308900863
1413393261055760384.000000 0.498858035 0.145385623 -0.773965716 -0.028701469 0.903741300 0.280332446 0.322244585
1413393261305760512.000000 0.508944154 0.141578555 -0.754541516 -0.024996893 0.899602532 0.297781408 0.318459898
1413393261555760384.000000 0.525706053 0.136346668 -0.743343413 -0.013842448 0.892645657 0.286397427 0.347805411
1413393262205760768.000000 0.574120641 0.125813186 -0.752944589 -0.010067414 0.843603313 0.259302735 0.470100284
1413393262505760768.000000 0.593208373 0.122335285 -0.771964550 -0.015741790 0.839732707 0.258284926 0.477378368
1413393263305760512.000000 0.655907154 0.164645851 -0.813091516 -0.003997338 0.833839059 0.268165320 0.482476711
1413393264505760768.000000 0.714216769 0.256598979 -0.858897507 -0.029241269 0.809269190 0.260532498 0.525691152
1413393264855760640.000000 0.733602405 0.269991577 -0.862877429 -0.018512901 0.811729133 0.256759793 0.524239957
1413393265055760384.000000 0.746993184 0.278669059 -0.865878105 -0.023555569 0.812467754 0.251426756 0.525476813
1413393265605760512.000000 0.775135636 0.289578319 -0.865691423 0.002206222 0.812553644 0.245974079 0.528439701
1413393269655760640.000000 0.723520279 0.234851092 -0.868983150 -0.004289514 0.461645722 0.139643312 0.875993490
1413393269955760384.000000 0.712410867 0.265765369 -0.863122404 -0.028644839 0.455747247 0.138456091 0.878808200
1413393270105760512.000000 0.707905591 0.280131757 -0.862048268 -0.037054002 0.455018878 0.135171115 0.879382551
1413393270255760384.000000 0.704962671 0.291975677 -0.860010505 -0.039461013 0.452325106 0.138203517 0.880195856
1413393270405760512.000000 0.703296840 0.302618086 -0.857993960 -0.037001945 0.451884896 0.141934380 0.879934967
1413393270555760384.000000 0.704544008 0.311799973 -0.855639040 -0.034884173 0.461880058 0.148500308 0.873726308
1413393270705760768.000000 0.707932055 0.319245011 -0.853999257 -0.038615987 0.482570618 0.148012310 0.862395942
1413393272205760768.000000 0.716772616 0.278604299 -0.770477295 -0.027552545 0.614313304 0.174099892 0.769122362
1413393272355760640.000000 0.711895168 0.270260930 -0.756540537 -0.015121230 0.627502799 0.186361924 0.755831242
1413393272705760768.000000 0.699093819 0.249518335 -0.731438398 -0.027098034 0.677785218 0.190013871 0.709765971
1413393272905760512.000000 0.692125380 0.236895770 -0.716017306 -0.031403065 0.708856523 0.195012674 0.677130997
1413393273155760640.000000 0.681875050 0.218599066 -0.694093585 -0.026718890 0.742797613 0.219935551 0.631795943
1413393273455760384.000000 0.673283458 0.198493138 -0.665286481 -0.027967710 0.788526297 0.246218994 0.562867999
1413393273755760384.000000 0.669778585 0.175366536 -0.641495943 -0.015225760 0.832988679 0.243231297 0.496725887
1413393274055760384.000000 0.667294085 0.150465906 -0.616621494 -0.009175071 0.861418724 0.267908007 0.431391835
1413393274355760640.000000 0.660114288 0.126081616 -0.599806488 -0.000884664 0.886115253 0.280378282 0.369035363
1413393274755760384.000000 0.650374830 0.113460124 -0.585316718 0.000081956 0.916306496 0.286204189 0.280124098
1413393275155760640.000000 0.635576487 0.117347389 -0.574486673 -0.005372995 0.942704916 0.271250278 0.194169626
1413393276855760640.000000 0.527462125 0.089614809 -0.536990881 0.001578623 0.950624585 0.309311837 0.025231848
1413393277205760768.000000 0.512040794 0.098021299 -0.550720453 -0.000617211 0.952369928 0.303903759 0.025172416
1413393278655760640.000000 0.412065089 0.128401160 -0.610956132 -0.054796446 -0.938312232 -0.310990781 0.140898049
1413393278955760384.000000 0.352629244 0.124862462 -0.620114207 0.005707377 -0.943967819 -0.296592146 0.144655704
1413393279555760384.000000 0.254214168 0.133375987 -0.640378594 0.015659166 -0.939555705 -0.317851216 0.126334965
1413393279855760640.000000 0.220197260 0.142777249 -0.663199902 0.018414196 -0.947615981 -0.296619028 0.117055736
1413393280105760512.000000 0.201008946 0.151259065 -0.683024228 0.007467645 -0.950991750 -0.288706213 0.110488266
1413393280605760512.000000 0.164975584 0.150154099 -0.709062457 -0.033844903 -0.953774035 -0.283728510 0.093101114
1413393281105760512.000000 0.087846100 0.166227072 -0.710514367 -0.020059124 -0.947654724 -0.306319833 0.087842405
1413393281605760512.000000 -0.012381017 0.160437703 -0.727865398 0.013266410 -0.946984172 -0.305435389 0.098763406
1413393282155760640.000000 -0.090304017 0.142630994 -0.755475044 -0.011748224 -0.948020041 -0.295531183 0.117393710
1413393282405760512.000000 -0.122377351 0.129459471 -0.766423821 -0.010406191 -0.946544826 -0.299630553 0.119022109
1413393282655760640.000000 -0.155931056 0.122590125 -0.775666654 0.016153157 -0.949586809 -0.290419847 0.116963059
1413393282855760640.000000 -0.176286012 0.124543846 -0.779628992 0.010672623 -0.954362452 -0.280641437 0.101581551
1413393283105760512.000000 -0.194968820 0.124198198 -0.780955851 0.008436158 -0.950962603 -0.304777265 0.052055839
1413393283355760640.000000 -0.208267570 0.122511446 -0.783886969 -0.020277480 0.950332105 0.310319275 0.012634017
1413393283605760512.000000 -0.211612195 0.125589579 -0.790152907 -0.018931717 0.947221696 0.309175432 0.082602546
1413393284105760512.000000 -0.200644493 0.163971528 -0.798006952 -0.022805180 0.930049300 0.290337622 0.224036574
1413393284405760512.000000 -0.181909561 0.176395401 -0.803630769 -0.023486394 0.907685041 0.275834560 0.315391272
1413393284705760768.000000 -0.157050848 0.182518050 -0.805111706 -0.015657298 0.871007383 0.267861634 0.411522925
1413393285055760384.000000 -0.125517726 0.185521424 -0.805299640 -0.005487412 0.809212446 0.264781803 0.524438441
1413393285455760384.000000 -0.088502765 0.189126819 -0.820074320 -0.007215913 0.734127939 0.237803116 0.635966897
1413393286405760512.000000 -0.017320514 0.195839748 -0.892881751 -0.015082817 0.629868865 0.189496964 0.753079474
1413393286905760512.000000 0.012461185 0.222322613 -0.929065585 -0.039301831 0.648954630 0.177930772 0.738683999
1413393287205760768.000000 0.026892424 0.220433325 -0.939019561 -0.045869943 0.622650623 0.165358171 0.763451934
1413393287505760768.000000 0.038055480 0.207836926 -0.933024049 -0.024560899 0.554843307 0.167374283 0.814574420
1413393287755760384.000000 0.047501653 0.194857925 -0.926874340 -0.024213191 0.487893313 0.155190438 0.858655810
1413393287955760384.000000 0.055442333 0.188248247 -0.922258019 -0.018245144 0.434341729 0.139081463 0.889758885
1413393288355760640.000000 0.081208244 0.184374809 -0.920130491 -0.039882399 0.377675563 0.124723665 0.916632175
1413393288755760384.000000 0.121893272 0.184165254 -0.914706707 -0.011940250 0.376931220 0.108428456 0.919795454
1413393288955760384.000000 0.142030790 0.187409192 -0.913485050 -0.018392440 0.367714852 0.105068594 0.923800886
1413393290155760640.000000 0.233822718 0.210809842 -0.912662208 -0.019516384 0.364914387 0.102717690 0.925151765
1413393291705760768.000000 0.331897974 0.310468674 -0.869284034 -0.027981771 0.342418551 0.094005249 0.934414029
1413393291905760512.000000 0.346958041 0.311849147 -0.869581997 -0.030713568 0.333038568 0.086806916 0.938406408
1413393292155760640.000000 0.361105353 0.294584811 -0.871852338 -0.019470379 0.323803604 0.074154861 0.943012834
1413393292755760384.000000 0.359051883 0.258700013 -0.881164730 -0.019064162 0.298942447 0.061045598 0.952125788
1413393293005760768.000000 0.341624290 0.242674008 -0.887994885 -0.013883867 0.285793304 0.059964035 0.956312597
1413393293205760768.000000 0.321464539 0.229420096 -0.894118965 -0.015340441 0.274470925 0.065993607 0.959205508
1413393293405760512.000000 0.298466980 0.220718011 -0.900538087 -0.013644221 0.264792621 0.077969693 0.961051226
1413393293655760640.000000 0.269884139 0.227190450 -0.906850100 -0.019778308 0.265235037 0.073108062 0.961204648
1413393293855760640.000000 0.247709125 0.233010828 -0.913528979 -0.028875692 0.266872466 0.058990929 0.961491287
1413393294055760384.000000 0.220800728 0.232664138 -0.919267118 -0.031832688 0.265592992 0.054234367 0.962032080
1413393294255760384.000000 0.189783335 0.228500009 -0.922964573 -0.015562016 0.264742613 0.056553952 0.962533534
1413393294655760640.000000 0.117647193 0.223836273 -0.930296183 -0.030321147 0.272348285 0.063744530 0.959606051
1413393295055760384.000000 0.042350158 0.218273222 -0.932107925 -0.033437274 0.274726421 0.072594672 0.958194911
1413393295255760384.000000 0.005754180 0.213014334 -0.930085957 -0.033281978 0.275629967 0.072514385 0.957946837
1413393295455760384.000000 -0.029516328 0.205678225 -0.926925004 -0.029676499 0.270358056 0.089217544 0.958157659
1413393295655760640.000000 -0.060386166 0.201064810 -0.922606289 -0.025565952 0.265157908 0.102687657 0.958380342
1413393295855760640.000000 -0.086142160 0.206691742 -0.916552663 -0.029397409 0.267497122 0.091528870 0.958751023
1413393296055760384.000000 -0.106151380 0.212174237 -0.910108685 -0.038239714 0.275201797 0.062633485 0.958581686
1413393296255760384.000000 -0.128117293 0.210785940 -0.901886463 -0.043172169 0.276091695 0.057533052 0.958436012
1413393296455760384.000000 -0.153503925 0.205473542 -0.888358355 -0.042629134 0.274998188 0.071204141 0.957856357
1413393296705760768.000000 -0.182694003 0.209141895 -0.863337636 -0.035898704 0.290964782 0.096653387 0.951161861
1413393296905760512.000000 -0.201287061 0.215365529 -0.840588093 -0.033464711 0.306505352 0.104950197 0.945473433
1413393297155760640.000000 -0.218039423 0.219478935 -0.813678503 -0.032795914 0.324918568 0.106429644 0.939161956
1413393297355760640.000000 -0.226685613 0.220899701 -0.791390181 -0.028342314 0.332040459 0.113653004 0.935964167
1413393297655760640.000000 -0.233220741 0.220975727 -0.758982658 -0.025889067 0.337133914 0.110811457 0.934554100
1413393297805760512.000000 -0.233231470 0.220463693 -0.743249774 -0.019118629 0.333214581 0.117225207 0.935339928
1413393298005760768.000000 -0.229896873 0.220778733 -0.724676609 -0.014683116 0.329246104 0.119583167 0.936526179
1413393298255760384.000000 -0.219372481 0.222660184 -0.706395984 -0.029060608 0.328240871 0.111277543 0.937566400
1413393299155760640.000000 -0.169172347 0.208612531 -0.615068972 -0.024020378 0.328142822 0.102393590 0.938754976
1413393299605760512.000000 -0.151137963 0.191159368 -0.571017504 0.002495294 0.340421647 0.093768701 0.935582399
1413393299855760640.000000 -0.152327806 0.182368904 -0.556621730 -0.005734882 0.338481069 0.099444956 0.935686052
1413393300105760512.000000 -0.156929821 0.172808647 -0.546548486 -0.026153605 0.342089295 0.079914831 0.935897768
1413393300355760640.000000 -0.168249607 0.161061108 -0.535337746 -0.020112332 0.317582160 0.102772586 0.942430317
1413393300555760384.000000 -0.177775443 0.149952993 -0.526797831 -0.016418666 0.274661213 0.109448843 0.955150545
1413393300955760384.000000 -0.184502587 0.137497246 -0.514640689 -0.018139649 0.198835716 0.051790066 0.978495300
1413393301155760640.000000 -0.186314091 0.145598263 -0.506247580 -0.003581651 0.177154690 0.039263934 0.983392954
1413393301555760384.000000 -0.202550039 0.176344052 -0.500648439 -0.008195222 0.100569651 0.019023338 0.994714379
1413393301705760768.000000 -0.211502254 0.185640618 -0.503512263 -0.022558428 0.067830570 0.004187264 0.997433007
1413393302055760384.000000 -0.238874465 0.198289901 -0.509272218 -0.027367020 0.032523368 -0.015750375 0.998972118
1413393302205760768.000000 -0.253855467 0.200253874 -0.510289192 -0.025746359 0.028708920 -0.013388391 0.999166489
1413393302355760640.000000 -0.271379083 0.200065956 -0.511418343 -0.024086889 0.029004803 -0.004103469 0.999280632
1413393302505760768.000000 -0.290227413 0.198263228 -0.512561798 -0.024517342 0.033245131 0.005515001 0.999131262
1413393302905760512.000000 -0.335486352 0.184252083 -0.516179979 -0.028406722 0.043369822 0.025171999 0.998337865
1413393303105760512.000000 -0.351575583 0.173461929 -0.517214060 -0.027929582 0.045172900 0.020761065 0.998372853
1413393303305760512.000000 -0.364976227 0.162104666 -0.517590046 -0.027397992 0.046236411 0.014944362 0.998442888
1413393303455760384.000000 -0.373761535 0.153097421 -0.517124414 -0.029365052 0.051430106 0.001343817 0.998243868
1413393303605760512.000000 -0.383331358 0.141016617 -0.516572237 -0.026566710 0.055455267 -0.003374720 0.998102009
1413393303805760512.000000 -0.398964614 0.122506209 -0.515574038 -0.022648262 0.058165565 0.001702997 0.998048604
1413393304005760768.000000 -0.415329069 0.103726625 -0.515058041 -0.022901971 0.055389952 0.016718587 0.998062134
1413393304205760768.000000 -0.429701447 0.096650437 -0.511932850 -0.032874085 0.054388665 0.021007266 0.997757435
1413393304505760768.000000 -0.444154233 0.101445518 -0.498943746 -0.043452408 0.055741567 0.001225613 0.997498512
1413393304705760768.000000 -0.453081578 0.102551267 -0.485501319 -0.033356592 0.053492252 -0.008014685 0.997978806
1413393304905760512.000000 -0.464307785 0.100664452 -0.471619785 -0.033018231 0.045876198 -0.005134578 0.998388112
1413393305105760512.000000 -0.477211177 0.096380897 -0.456387699 -0.035401668 0.043119777 -0.004953474 0.998430252
1413393305455760384.000000 -0.501469970 0.079576887 -0.425775409 -0.036589671 0.056581434 -0.005947187 0.997709572
1413393305605760512.000000 -0.514953375 0.070235536 -0.411051601 -0.036560562 0.062816009 0.000857924 0.997354925
1413393305805760512.000000 -0.533205211 0.055393163 -0.390579075 -0.034754623 0.083388537 -0.002330489 0.995908141
1413393305955760384.000000 -0.549078465 0.044502754 -0.373686820 -0.031855226 0.101396911 -0.012460009 0.994257867
1413393306105760512.000000 -0.570137739 0.031492144 -0.356829971 -0.029413529 0.106263168 -0.000700035 0.993902683
1413393306255760384.000000 -0.594204485 0.018191323 -0.340581417 -0.029602261 0.106215090 0.007699223 0.993872643
1413393306405760512.000000 -0.618808746 0.006289116 -0.323397845 -0.035907172 0.109831087 0.019591196 0.993108273
1413393306605760512.000000 -0.650791287 -0.001891578 -0.294386864 -0.036465645 0.142000571 0.039853312 0.988391519
1413393306755760384.000000 -0.671936870 -0.003695766 -0.270258039 -0.028594607 0.170513228 0.063714571 0.982877433
1413393307005760768.000000 -0.698990762 -0.009854518 -0.234456673 -0.022956032 0.205869883 0.093340665 0.973847091
1413393307255760384.000000 -0.712055087 -0.016752928 -0.203745991 -0.027544806 0.260028213 0.092411585 0.960774004
1413393307455760384.000000 -0.715471923 -0.023643173 -0.182422131 -0.030971106 0.308821052 0.097789317 0.945572674
1413393307705760768.000000 -0.715687931 -0.036759749 -0.156812370 -0.042287949 0.371890962 0.125143051 0.918829739
1413393307955760384.000000 -0.710195839 -0.054238953 -0.128972113 -0.036092676 0.437355071 0.126724377 0.889583468
1413393308305760512.000000 -0.701052189 -0.081774853 -0.081887752 -0.031232780 0.517795861 0.143602729 0.842787266
1413393308605760512.000000 -0.696639299 -0.103626326 -0.037424803 -0.023867667 0.575439811 0.183544978 0.796624482
1413393309005760768.000000 -0.685523510 -0.096317433 0.022431433 -0.006229455 0.657183528 0.210887879 0.723600268
1413393309305760512.000000 -0.677409172 -0.082658350 0.055722058 -0.004642325 0.702708244 0.215752780 0.677960396
1413393309955760384.000000 -0.669717968 -0.079724759 0.113076150 -0.021746149 0.694756866 0.237916857 0.678406656
1413393310455760384.000000 -0.641652405 -0.084009506 0.132049620 -0.029522249 0.701127052 0.205813184 0.682048559
1413393311055760384.000000 -0.599923432 -0.082763068 0.141778886 -0.025853535 0.701805115 0.224026754 0.675731599
1413393311555760384.000000 -0.550502837 -0.050920635 0.139631689 -0.037777498 0.709173918 0.222879514 0.667809844
1413393312105760512.000000 -0.470708013 -0.038498461 0.139642984 -0.020650288 0.704150617 0.188800991 0.684178114
1413393312605760512.000000 -0.413086236 -0.041341931 0.151852340 -0.003068040 0.686080813 0.219358712 0.693660915
1413393313105760512.000000 -0.364623368 -0.046087734 0.152359024 -0.011269979 0.682756126 0.199093208 0.702907503
1413393313605760512.000000 -0.330723286 -0.058497272 0.149941862 -0.001361453 0.666793346 0.203272238 0.716983378
1413393314205760768.000000 -0.318282932 -0.045280281 0.120004728 -0.023223929 0.701469481 0.218160674 0.678090811
1413393314605760512.000000 -0.316086352 -0.041353613 0.098549813 -0.039403394 0.657471299 0.197385445 0.726097703
1413393315155760640.000000 -0.290662885 -0.033955973 0.097871386 -0.046055000 0.564216435 0.182951093 0.803783357
1413393315655760640.000000 -0.236663938 -0.028577432 0.128051281 -0.031730913 0.574678302 0.142987758 0.805166125
1413393316255760384.000000 -0.190376595 -0.101180620 0.182762727 -0.018978210 0.571204007 0.158637360 0.805108786
1413393316905760512.000000 -0.167277545 -0.187509298 0.248566598 -0.031154655 0.554138541 0.167428419 0.814817488
1413393317455760384.000000 -0.153769761 -0.196810827 0.333456874 -0.011690617 0.557047665 0.147775173 0.817143679
1413393318005760768.000000 -0.172566473 -0.185926199 0.421354055 -0.018468248 0.566686928 0.155208856 0.808971584
1413393318505760768.000000 -0.209551483 -0.167896509 0.501249135 -0.008727326 0.572845459 0.188834801 0.797567129
1413393319005760768.000000 -0.242062211 -0.147432327 0.555511355 0.005271624 0.577755451 0.173423231 0.797555864
1413393319455760384.000000 -0.280919731 -0.145197779 0.574772060 -0.021780264 0.566721320 0.195333913 0.800123274
1413393319855760640.000000 -0.299906194 -0.118116409 0.581749082 -0.038857255 0.561284900 0.196151763 0.803102612
1413393320255760384.000000 -0.291950732 -0.071204312 0.595902026 -0.018042186 0.572869241 0.156239599 0.804415643
1413393320655760640.000000 -0.291006088 -0.062641472 0.611963332 -0.037139963 0.575680137 0.173125863 0.798273444
