1413393889605760512.000000 0.062430024 -1.924424171 0.762206495 -0.550378799 -0.608172417 -0.373995990 0.432823837
1413393892505760512.000000 -0.489551127 -3.014837980 1.186353445 -0.555567980 -0.610745609 -0.384335756 0.413061708
1413393893755760384.000000 -0.963680148 -3.448074102 1.187856436 -0.595955193 -0.616836667 -0.323118687 0.399930388
1413393895155760384.000000 -1.038650751 -1.669461846 1.195758224 -0.547614396 -0.592689097 -0.386901766 0.446256876
1413393895605760512.000000 -0.948526561 -1.126320839 1.121688724 -0.552408576 -0.585465312 -0.393706530 0.443926185
1413393898505760512.000000 0.003273461 0.236420974 1.306515574 -0.718260169 -0.077617392 -0.682663321 0.109766796
1413393899455760384.000000 -0.056543205 0.565830052 1.448886156 -0.721779466 -0.083566949 -0.683870494 0.066122435
1413393901955760384.000000 -0.403547078 -0.432447523 1.294202209 -0.814723492 -0.113776498 -0.567640781 0.032628991
1413393904405760512.000000 1.314524293 0.672102332 1.496537328 0.805836022 -0.102940246 0.582969248 0.013366283
1413393907205760512.000000 2.351573229 -0.324079901 1.121938825 0.612264872 -0.510247231 0.468813390 0.380780071
1413393910055760384.000000 2.352400303 0.469207972 0.610088229 0.629953802 -0.576311409 0.367175788 0.369060069
1413393910305760512.000000 2.412672758 0.469649583 0.551198125 0.626900971 -0.593560457 0.356104732 0.357589990
1413393910605760512.000000 2.511168003 0.298119426 0.576096952 0.618741632 -0.619533360 0.362076908 0.319746017
1413393910855760384.000000 2.572013617 0.019385494 0.560160935 0.613321126 -0.595092833 0.397624582 0.334060669
1413393912005760512.000000 2.713119507 -1.398266077 0.434399188 0.617818952 -0.554414809 0.433637500 0.350546151
1413393912255760384.000000 2.743929148 -1.633510113 0.577480614 0.627633572 -0.595520616 0.399394184 0.303176045
1413393912355760384.000000 2.746539354 -1.757084370 0.641668200 0.625833333 -0.598776102 0.396785051 0.303910464
1413393912455760384.000000 2.743370771 -1.900450468 0.711061180 0.615946472 -0.592160702 0.409533590 0.319746822
1413393912655760384.000000 2.722235680 -2.218406916 0.833925128 0.597697675 -0.569035709 0.439498931 0.354678124
1413393914155760384.000000 1.799530268 -3.768292427 0.933005154 0.265570343 -0.726683557 0.265233815 0.575373292
1413393914355760384.000000 1.614936113 -3.730511904 0.973722875 0.229586482 -0.764037132 0.183511779 0.574334979
1413393914505760512.000000 1.494373441 -3.691618919 1.011708736 0.186660826 -0.786560059 0.149137810 0.569419980
1413393915155760384.000000 1.000646472 -3.451573610 1.193011403 0.055182140 -0.833228469 0.050443273 0.547851086
1413393917555760384.000000 -0.515895009 -3.822997332 1.620366096 -0.355896026 -0.749448240 -0.173694983 0.530561447
1413393918005760512.000000 -0.553016424 -3.769773960 1.594914556 -0.506047070 -0.645745337 -0.320248961 0.473677129
1413393919355760384.000000 0.185688972 -3.473052025 1.685340285 -0.766910434 -0.085629538 -0.615627289 0.159746796
1413393922155760384.000000 -0.134160846 -5.027284145 0.437109143 -0.805713654 -0.015017042 -0.592030168 -0.010014115
1413393922405760512.000000 -0.134242773 -5.002235889 0.293400854 -0.849032819 -0.007517624 -0.528155684 -0.011766587
1413393922755760384.000000 -0.006789155 -4.951800346 0.143897206 0.832858622 -0.029462282 0.551765203 -0.032152142
1413393923205760512.000000 0.337951690 -4.976140022 0.074433602 -0.851949871 -0.004870177 -0.523255706 -0.019008515
1413393923955760384.000000 1.339090824 -5.055607796 0.188356683 -0.810889304 -0.168992281 -0.546678543 0.122648872
1413393924055760384.000000 1.481070995 -5.080407143 0.204252705 -0.806194067 -0.209007353 -0.534898877 0.142303675
1413393924855760384.000000 2.377554893 -4.843155861 0.431749672 -0.686083555 -0.409289122 -0.590235710 0.115730479
1413393924955760384.000000 2.382905006 -4.716719151 0.500952899 -0.708956957 -0.385269076 -0.572948039 0.143799782
1413393927855760384.000000 2.764788389 -1.147847056 1.662664533 -0.560911894 -0.583705842 -0.475768894 0.343961179
1413393928255760384.000000 2.683163166 -0.761222780 1.858216047 -0.543493390 -0.583780289 -0.486776084 0.356180698
1413393928655760384.000000 2.382879734 -0.458583057 1.922871709 -0.581052661 -0.526510239 -0.446808398 0.430728436
1413393928905760512.000000 2.190802097 -0.341075152 1.944930434 -0.575588167 -0.527843297 -0.468152046 0.413416803
1413393930805760512.000000 0.445011050 -0.668710589 2.022074461 -0.776044250 -0.216938585 -0.561312795 0.188735262
1413393933155760384.000000 0.077942118 -2.190211058 1.162569404 -0.744755864 -0.255638957 -0.591953814 0.171983227
1413393935955760384.000000 0.023634687 -3.889313459 0.684020162 -0.591307580 -0.593253374 -0.450031847 0.309640259
1413393936105760512.000000 -0.008085810 -3.849459171 0.706736624 -0.579570234 -0.600213051 -0.410549879 0.367819816
1413393936305760512.000000 -0.080882616 -3.771456718 0.743995428 -0.550918758 -0.620089710 -0.342240363 0.441416889
1413393938855760384.000000 0.134909615 -3.820878744 1.233049750 -0.058093399 -0.792897403 -0.024383456 0.606089473
1413393939705760512.000000 0.548497796 -4.318240643 1.160618901 0.018955892 -0.897212982 0.060231399 0.437060416
1413393939855760384.000000 0.521317542 -4.382731438 1.130089879 0.028165491 -0.877803147 0.040781811 0.476450741
1413393940255760384.000000 0.373679459 -4.518123150 1.101557493 -0.002409949 0.706669033 -0.062610880 -0.704764545
1413393940555760384.000000 0.510995507 -4.534945011 1.070931077 0.005289281 -0.836436808 0.051288068 0.545632780
1413393940905760512.000000 0.579180121 -4.453857899 1.101273894 -0.030775320 -0.865395963 0.068558902 0.495421529
1413393943455760384.000000 0.027287923 -2.909019470 1.334119320 0.013310461 -0.740213990 0.008425467 0.672186792
1413393945405760512.000000 -0.121942386 -2.540610790 1.543766856 -0.176559404 -0.731353581 -0.157147661 0.639729142
1413393948255760384.000000 0.121681049 -3.020013571 1.062327981 -0.722524405 -0.338105440 -0.567607701 0.203628927
1413393950605760512.000000 -0.488894552 -4.034723282 1.237748861 -0.841638684 -0.045520794 -0.537181854 0.031744242
1413393951555760384.000000 -0.149800897 -4.754269123 1.018332124 -0.826922059 -0.034666810 -0.561173499 0.009079462
1413393954155760384.000000 1.085690379 -4.980561256 0.932015538 -0.805803001 -0.137266532 -0.569904208 0.083955839
1413393955405760512.000000 1.877062201 -4.562869072 1.052226543 -0.762181997 -0.309244901 -0.523479939 0.222294435
1413393955555760384.000000 2.016692638 -4.447750568 1.075155497 -0.734693706 -0.338844657 -0.531674147 0.250463903
1413393956005760512.000000 2.327786207 -4.139559269 1.042392015 -0.678028226 -0.457271934 -0.508989215 0.268533200
1413393957255760384.000000 2.537109852 -3.238557577 1.044370055 -0.470315963 -0.675617099 -0.308489084 0.476632953
1413393957555760384.000000 2.570357084 -3.020849705 1.052863717 -0.375788152 -0.725195587 -0.254401147 0.517836630
1413393957705760512.000000 2.589063168 -2.915255547 1.034477234 -0.326678485 -0.735973418 -0.230561897 0.546319962
1413393960255760384.000000 2.537618160 -2.275495291 0.594503284 -0.232515991 -0.807507813 -0.153236240 0.519986749
1413393961005760512.000000 2.416872025 -2.291948318 0.345779240 -0.120323732 -0.829579473 -0.070451953 0.540700257
1413393961205760512.000000 2.339636803 -2.292003870 0.285795748 -0.104224704 -0.818526447 -0.062485978 0.561468840
1413393961605760512.000000 2.253217220 -2.267687798 0.352832407 -0.102276854 -0.767074347 -0.064164490 0.630094647
1413393961955760384.000000 2.348570824 -2.266244411 0.601773500 -0.097429052 -0.806428790 -0.076559171 0.578203201
1413393962355760384.000000 2.440403461 -2.307237148 1.084395766 -0.100675367 -0.833227694 -0.068515904 0.539352953
1413393962705760512.000000 2.408840179 -2.334662676 1.411417246 -0.130418092 -0.856884897 -0.100739263 0.488457829
1413393962805760512.000000 2.366001129 -2.336620569 1.475354552 -0.145775825 -0.842932403 -0.134044021 0.500246465
1413393962955760384.000000 2.275637388 -2.344741821 1.555231333 -0.175632834 -0.813983142 -0.193337888 0.518849850
1413393963155760384.000000 2.121585608 -2.385653019 1.621331811 -0.238391995 -0.772850871 -0.255972922 0.529479682
1413393963305760512.000000 1.987792611 -2.446304083 1.640995264 -0.298980713 -0.738555074 -0.277473927 0.536800921
1413393963455760384.000000 1.847869039 -2.528130770 1.635287285 -0.352930665 -0.711264551 -0.300942063 0.528182447
1413393965255760384.000000 0.388528347 -4.281769276 0.839878082 -0.765317500 -0.407965362 -0.363868386 0.339783937
1413393965405760512.000000 0.448305249 -4.398918629 0.827944994 -0.773549259 -0.422834903 -0.374523103 0.287340373
1413393965555760384.000000 0.557277083 -4.467462540 0.837621391 -0.742034972 -0.466050029 -0.425747365 0.225656003
1413393967355760384.000000 0.280252159 -3.298008204 1.105381370 -0.709204853 -0.375812590 -0.511443436 0.306951225
1413393969905760512.000000 -0.657488704 -2.704886675 0.928535104 0.819125712 -0.041397762 0.568230271 -0.066585720
1413393972555760384.000000 -1.543060899 -2.369499207 1.147177100 -0.830072045 0.001558625 -0.557366550 -0.017907266
1413393973805760512.000000 -2.092008114 -2.083702803 1.000967860 0.774698019 -0.022208977 0.631276369 -0.028980900
1413393973955760384.000000 -2.241333485 -1.999982834 0.985725403 0.805389166 -0.064703949 0.581109226 -0.097333252
1413393974105760512.000000 -2.391539574 -1.967989564 0.979365826 0.856366515 -0.073716104 0.498226732 -0.113896996
1413393974255760384.000000 -2.497757196 -2.002410889 0.994056404 0.899479270 -0.044135790 0.428445041 -0.073648162
1413393974455760384.000000 -2.494253397 -2.105330706 1.054123998 -0.915402591 -0.021226346 -0.401801288 -0.011965586
1413393974605760512.000000 -2.370427608 -2.165131569 1.121105433 -0.896353066 -0.067938544 -0.434100568 -0.059094489
1413393975405760512.000000 -1.275035620 -1.830098867 1.242044806 -0.789260089 -0.028487505 -0.613234758 0.014148718
1413393978155760384.000000 -0.554022789 -0.836834013 1.302462101 -0.817264915 -0.026378060 -0.575538516 0.011737654
1413393980255760384.000000 -0.782618880 -1.152313948 1.377786398 0.694438994 -0.473390371 0.444867492 0.309433341
1413393980405760512.000000 -0.855480433 -1.271693110 1.370827317 0.692926645 -0.483986229 0.423423886 0.326070786
1413393981555760384.000000 -0.884489536 -2.462154627 1.504588723 0.672987401 -0.493373394 0.453425616 0.313170731
1413393981905760512.000000 -0.849081159 -2.938986778 1.509073257 0.688195884 -0.462890893 0.448756993 0.332769543
1413393983855760384.000000 0.559261322 -4.144404888 1.468553066 -0.730312407 -0.355606347 -0.562250793 0.155119494
1413393984055760384.000000 0.610032916 -3.970211029 1.499454260 -0.693421602 -0.417985827 -0.548910260 0.207730517
1413393984655760384.000000 0.334106356 -3.304100037 1.633355498 -0.584282994 -0.550022304 -0.490301043 0.340137750
1413393985105760512.000000 -0.119157374 -2.832971811 1.609211087 -0.649388969 -0.503749490 -0.419699728 0.385204703
1413393986705760512.000000 -0.884015203 -1.555598140 1.351538420 -0.817802429 -0.061641302 -0.567474723 0.073294498
1413393986855760384.000000 -0.842494071 -1.511347175 1.372860074 -0.802323997 -0.040123958 -0.595273376 0.017775016
1413393988105760512.000000 -0.633736789 -0.810933411 1.391923070 0.811928928 -0.054341394 0.580036581 0.037096143
1413393990905760512.000000 -0.187968507 0.627394557 1.202149987 0.757874012 -0.452517331 0.399643481 0.247265503
1413393993605760512.000000 -0.274555832 0.338763058 1.490367532 0.735718608 -0.422755480 0.445999056 0.284746796
1413393993955760384.000000 -0.166378498 0.248423100 1.522225857 0.641901612 -0.357893944 0.571745157 0.364666641
1413393994305760512.000000 -0.142797440 0.424895138 1.503214836 0.635661662 -0.394886762 0.586563885 0.309744239
1413393994755760384.000000 -0.292940497 0.828777969 1.473978400 0.763635039 -0.482505530 0.379153013 0.200730845
1413393995255760384.000000 -0.248579934 0.769592524 1.365377426 0.687981784 -0.440663755 0.511162400 0.266851038
1413393995655760384.000000 -0.225280181 0.615903854 1.249679446 0.726654768 -0.348834693 0.557540655 0.198584408
1413393996105760512.000000 -0.339610219 0.423655897 1.177317977 0.764275193 -0.164448097 0.611170352 0.123738147
1413393996405760512.000000 -0.512425959 0.326830924 1.117945075 0.793888330 -0.133306161 0.588214874 0.077292785
1413393996805760512.000000 -0.768238783 0.190501183 0.961303949 0.821827233 -0.114339650 0.553336322 0.073112912
1413393997255760384.000000 -0.938092411 0.056701995 0.853760660 0.822260022 -0.061672993 0.563110709 0.054691557
1413393997705760512.000000 -1.019486547 -0.025131732 0.707430780 0.811204731 -0.048040412 0.580871582 0.047194980
1413393998105760512.000000 -1.075899720 -0.033264667 0.610570550 0.817107558 -0.051577009 0.571665704 0.053605277
1413393998455760384.000000 -1.097746730 0.013851583 0.571362019 0.818883479 -0.067043751 0.567237377 0.056362659
1413393998905760512.000000 -1.081704140 0.097329780 0.555554152 0.809553027 -0.098002560 0.578397155 0.021821065
1413393999255760384.000000 -1.073596358 0.113684788 0.514974594 0.816701293 -0.068731643 0.569491386 0.062886208
1413393999655760384.000000 -1.035134196 0.145617425 0.455333799 0.815936923 -0.099362515 0.569023728 0.024208132
1413394000055760384.000000 -0.973710716 0.108345866 0.373276979 0.807273149 -0.081486486 0.582335174 0.050554160
1413394000355760384.000000 -0.984702885 0.112610564 0.371857017 0.798569083 -0.098132052 0.591644645 0.051129196
1413394000755760384.000000 -0.984569490 0.109991431 0.373642296 0.800088704 -0.090504624 0.589993954 0.059785284
1413394001255760384.000000 -0.984053314 0.110280290 0.373341322 0.799552500 -0.091444112 0.590688884 0.058656316
1413394001755760384.000000 -0.984654188 0.110313594 0.373137414 0.799400151 -0.091769539 0.590884328 0.058254220
1413394002255760384.000000 -0.985015988 0.110439420 0.372902781 0.799337626 -0.092093356 0.590941131 0.058025148
1413394002755760384.000000 -0.985138297 0.110606834 0.373214275 0.799408317 -0.092274047 0.590835631 0.057837907
1413394003255760384.000000 -0.985462904 0.110785164 0.373201340 0.799504697 -0.092590079 0.590690613 0.057479952
