1413393216555760384.000000 -0.427598268 0.213018566 -0.149836272 -0.608289838 -0.528144419 -0.441687405 0.394916803
1413393219105760512.000000 -0.955181718 -0.182948217 0.094780959 -0.636233509 -0.531331778 -0.420593768 0.368774176
1413393221755760384.000000 -1.169753194 -0.154762924 0.565985560 -0.622043073 -0.530773103 -0.441893309 0.368880302
1413393223405760512.000000 -1.180330396 0.233702928 0.632241189 -0.613736928 -0.547539532 -0.427770972 0.374885917
1413393224205760512.000000 -1.229214549 0.632279456 0.493043810 -0.614839613 -0.528914392 -0.449207664 0.374745697
1413393224555760384.000000 -1.289834261 0.792997301 0.377597302 -0.624050140 -0.512268782 -0.455865562 0.374604642
1413393224955760384.000000 -1.354601502 0.933259070 0.216105491 -0.665950000 -0.466961205 -0.462156296 0.353368789
1413393227655760384.000000 -0.995389402 1.693602085 0.081348449 -0.775673091 -0.251654327 -0.544365108 0.196641505
1413393230305760512.000000 0.134784609 2.170558691 -0.025021568 -0.814150214 -0.100650154 -0.568760395 0.059502363
1413393231855760384.000000 1.260857105 2.468090057 -0.052231550 0.799046576 -0.053682737 0.598858595 0.003343890
1413393232255760384.000000 1.468634844 2.465079069 -0.077407703 0.807104468 -0.113642603 0.577653527 0.044545088
1413393232505760512.000000 1.584746122 2.417273045 -0.108986400 0.802453637 -0.157709926 0.570159554 0.078191511
1413393232905760512.000000 1.766600251 2.292977571 -0.201982275 0.797742188 -0.187073097 0.564048469 0.102276944
1413393233755760384.000000 2.167068720 1.927155614 -0.080651388 0.777419567 -0.232828930 0.557014287 0.176478475
1413393233955760384.000000 2.251862526 1.858673334 0.012622401 0.759861588 -0.259525955 0.562377155 0.197455689
1413393234155760384.000000 2.327423573 1.802592397 0.099870443 0.749907970 -0.298287988 0.554169834 0.203858346
1413393234255760384.000000 2.359689474 1.778800249 0.132069245 0.739554048 -0.315419257 0.557693899 0.206271693
1413393236905760512.000000 2.276462555 1.484588027 0.198257029 0.524188101 -0.636899352 0.387544245 0.411576897
1413393238955760384.000000 2.398012638 0.908281207 0.272877008 0.508846521 -0.635999024 0.390854657 0.428734362
1413393241555760384.000000 2.234675884 -0.346101731 0.222456172 0.501675069 -0.642055035 0.373023272 0.443780512
1413393244455760384.000000 2.070312023 -0.704664409 0.155930459 0.612708271 -0.521847367 0.446955860 0.390505254
1413393247155760384.000000 2.174607038 -0.266131103 -0.079926506 0.654003561 -0.473442882 0.471706748 0.354434729
1413393249955760384.000000 1.923452497 -0.358604014 -0.272370368 0.659019947 -0.472669274 0.463528723 0.356955975
1413393250855760384.000000 2.133568287 -0.333582431 -0.377540141 0.638925672 -0.498354793 0.479885846 0.336342216
1413393253655760384.000000 2.146379232 -0.147433400 -0.164587155 0.355646223 -0.741305888 0.255035341 0.508859873
1413393254805760512.000000 2.015702009 -0.504506946 0.077598527 0.281100839 -0.764918625 0.203027681 0.542827308
1413393257055760384.000000 1.547966838 -1.105398059 0.201094612 0.283341944 -0.768338501 0.205593750 0.535821259
1413393257555760384.000000 1.361148834 -1.298755288 0.140619844 0.277151197 -0.768817842 0.212088481 0.535840333
1413393260505760512.000000 0.674427748 -2.465150833 0.158012331 0.675518453 -0.401873738 0.515012443 0.341956854
1413393263055760384.000000 1.075966477 -2.607603073 0.107169405 0.762297809 -0.293495804 0.543264925 0.193972796
1413393265955760384.000000 1.467573404 -2.984831333 -0.248094171 0.788998365 -0.196676761 0.563501358 0.145829111
1413393267055760384.000000 1.507389426 -2.858459234 -0.060886554 -0.796993077 -0.132578030 -0.578223109 0.113503478
1413393269905760512.000000 1.341688275 -2.946527481 -0.174192727 -0.798618197 -0.165721551 -0.563819468 0.129818723
1413393270105760512.000000 1.322885990 -2.954452753 -0.234934986 -0.801779926 -0.175603285 -0.558403373 0.120407999
1413393271855760384.000000 1.384590507 -2.799542665 -0.342789650 -0.813417792 -0.050965153 -0.578782320 0.027660647
1413393272655760384.000000 1.335112691 -2.555204153 -0.261793554 0.808401406 -0.043901447 0.585548699 0.041140735
1413393275455760384.000000 1.138345599 -1.817365408 0.014437437 0.593234420 -0.546417236 0.446832985 0.387093544
1413393278255760384.000000 0.598381400 -1.852014542 0.011054181 0.463526338 -0.661421180 0.363324165 0.464393198
1413393278755760384.000000 0.389370143 -1.837647200 0.013048803 0.424721539 -0.703553915 0.332468212 0.462696970
1413393279105760512.000000 0.169508994 -1.832405686 0.052201122 0.446850687 -0.680097997 0.308467358 0.492584169
1413393279605760512.000000 -0.081319228 -1.864401340 0.030816115 0.465104222 -0.679132164 0.306702405 0.477902859
1413393280105760512.000000 -0.252701223 -1.972054958 0.016007278 0.460295141 -0.664130569 0.334793657 0.484739304
1413393280605760512.000000 -0.380957752 -2.037122726 0.041547112 0.450267255 -0.669323862 0.370963514 0.460055500
1413393280955760384.000000 -0.531533778 -2.023003101 -0.001824904 0.453973293 -0.680138290 0.372785091 0.438578904
1413393281305760512.000000 -0.761684537 -2.001560450 -0.005261840 0.479527175 -0.662480533 0.337035328 0.466455221
1413393281605760512.000000 -0.948106289 -2.004189491 0.020614529 0.476260692 -0.662831068 0.330307096 0.474054784
1413393281955760384.000000 -1.123198152 -2.027145863 0.068695858 0.454891324 -0.660167456 0.341219485 0.490736216
1413393282455760384.000000 -1.330584764 -2.036327839 0.161178082 0.453289181 -0.674405992 0.334368199 0.477392256
1413393282955760384.000000 -1.509209275 -2.050911188 0.182537466 0.476762146 -0.650770724 0.350102097 0.476050407
1413393283455760384.000000 -1.592491388 -2.072599411 0.202055901 0.568821669 -0.592974722 0.384819150 0.420401186
1413393283805760512.000000 -1.596384764 -2.125653505 0.154068053 0.616303027 -0.534122288 0.434503525 0.382218212
1413393284705760512.000000 -1.425042391 -2.250453949 0.040675651 0.739630401 -0.342644364 0.526940048 0.240574256
1413393287355760384.000000 -0.834576130 -2.810598135 0.046574079 -0.815767348 -0.045144971 -0.576032519 0.025925882
1413393289955760384.000000 -0.184990004 -2.816473246 0.031059332 -0.767492592 -0.262818605 -0.552225888 0.192167252
1413393292655760384.000000 0.279209852 -2.822365761 -0.169964179 -0.738020360 -0.319276452 -0.550632000 0.224037811
1413393295005760512.000000 -0.726800680 -2.781292915 0.028746184 -0.745662749 -0.336459249 -0.522313952 0.240770474
1413393295755760384.000000 -1.116716743 -2.663634300 0.062691376 -0.752822042 -0.321273297 -0.512129903 0.260317862
1413393296655760384.000000 -1.421820164 -2.453431606 0.008906769 -0.758524537 -0.318374187 -0.518378556 0.233585611
1413393297605760512.000000 -1.547891140 -2.118544102 -0.128191277 -0.771695435 -0.270321131 -0.536665022 0.208334714
1413393300355760384.000000 -1.220880866 -1.411784768 -0.143711567 -0.761964142 -0.284882218 -0.536659896 0.224162564
1413393302355760384.000000 -1.516162157 -1.281014442 -0.282003641 -0.630525231 -0.513874650 -0.450534254 0.367953390
1413393302805760512.000000 -1.684328556 -1.257162094 -0.245567814 -0.650988340 -0.491835207 -0.443985492 0.370390803
1413393303255760384.000000 -1.797392726 -1.224141598 -0.167667329 -0.649762928 -0.492857486 -0.447652251 0.366752207
1413393304005760512.000000 -1.952011108 -1.141091585 0.018667808 -0.650284827 -0.488033354 -0.455823064 0.362185717
1413393304455760384.000000 -2.025535107 -1.083201647 0.018963475 -0.653356791 -0.503873646 -0.447882921 0.344437659
1413393305705760512.000000 -2.220394135 -0.708703399 0.046051390 -0.654442430 -0.494905561 -0.459555566 0.339973986
1413393307505760512.000000 -2.710260153 0.093694329 0.128486857 -0.767326474 -0.289888471 -0.529898643 0.215365455
1413393308005760512.000000 -2.672127724 0.273148030 0.178128794 -0.797186077 -0.187102050 -0.559945345 0.126287654
1413393308305760512.000000 -2.635348320 0.405303478 0.209600613 -0.805741847 -0.124692492 -0.573751152 0.077727750
1413393310705760512.000000 -2.331886530 1.031896353 0.024382697 0.809188306 -0.094536297 0.577761889 0.049683981
1413393311205760512.000000 -2.214239359 1.006630659 0.001142213 0.815860093 -0.099371724 0.565771103 0.066337168
1413393311555760384.000000 -2.103830338 0.962493896 -0.077058069 0.818042815 -0.099251710 0.561609924 0.074494474
1413393314155760384.000000 -1.392906666 0.788491786 -0.088083133 0.811290085 -0.092584565 0.574251771 0.058919206
1413393317005760512.000000 -0.828429818 1.220328927 0.198570818 -0.811781287 -0.085282616 -0.574816465 0.057655010
1413393317805760512.000000 -0.768031120 1.572795272 0.100754201 -0.797637284 -0.079839870 -0.594995141 0.058147188
1413393318055760384.000000 -0.798007250 1.687228799 0.044892669 -0.804354548 -0.074802406 -0.587402225 0.048755843
1413393318305760512.000000 -0.837462068 1.806203485 -0.015546175 -0.810339987 -0.056192998 -0.580500841 0.056658193
1413393318555760384.000000 -0.876515269 1.914020061 -0.084427208 -0.809917808 -0.045467734 -0.581481218 0.062011685
1413393318805760512.000000 -0.914453149 1.998630643 -0.148325250 -0.809101164 -0.043945327 -0.582633436 0.062948421
1413393319205760512.000000 -0.994316339 2.085286617 -0.188705325 -0.805429637 -0.049519155 -0.587256789 0.062932558
1413393319655760384.000000 -1.097702146 2.127377033 -0.240434602 -0.830473840 -0.047007658 -0.550116658 0.073994838
1413393320005760512.000000 -1.103941441 2.121849537 -0.338774472 -0.817855895 -0.071181163 -0.568865836 0.049363371
1413393320405760512.000000 -1.083249450 2.134355307 -0.454527080 -0.808828890 -0.067008354 -0.582173169 0.048787694
1413393320505760512.000000 -1.082531333 2.143929958 -0.454906404 -0.814994752 -0.065325573 -0.573846340 0.047081567
1413393320805760512.000000 -1.072608471 2.183777094 -0.522252917 -0.815644681 -0.063742183 -0.573522449 0.041625641
1413393321155760384.000000 -1.095381975 2.167378426 -0.530765176 -0.801398695 -0.058238722 -0.593431056 0.046989065
1413393321455760384.000000 -1.099251747 2.164563417 -0.523515105 -0.800995708 -0.053457882 -0.595026731 0.038618315
1413393321955760384.000000 -1.097729802 2.164463282 -0.525585175 -0.802447677 -0.054353483 -0.593050480 0.037612058
1413393322455760384.000000 -1.098294616 2.164193630 -0.525721788 -0.802024245 -0.054228377 -0.593630314 0.037676372
1413393322955760384.000000 -1.098829389 2.164251089 -0.525510430 -0.802022576 -0.054171346 -0.593622565 0.037915573
1413393323455760384.000000 -1.099382639 2.164176941 -0.524952590 -0.802056909 -0.054055009 -0.593567133 0.038219575
1413393323955760384.000000 -1.099112868 2.164260626 -0.525907218 -0.802109778 -0.053920705 -0.593501031 0.038326874
1413393324455760384.000000 -1.099050045 2.164258480 -0.525420666 -0.802182138 -0.053731941 -0.593412995 0.038443211
1413393324955760384.000000 -1.099269629 2.164089918 -0.524801373 -0.802280426 -0.053769987 -0.593270957 0.038528793
1413393325455760384.000000 -1.099929690 2.164353848 -0.525398433 -0.802291751 -0.053603332 -0.593258381 0.038720220
1413393325955760384.000000 -1.099676371 2.164194584 -0.525178611 -0.802304208 -0.053381976 -0.593252957 0.038849033
