1403715886584058368.000000 0.000000000 0.000000000 0.000000000 -0.000000000 -0.000000000 -0.000000000 1.000000000
1403715893984058112.000000 -0.022963969 -0.044365522 -0.038249485 0.020092906 -0.008622999 0.014265998 0.999659181
1403715894034057984.000000 -0.024705498 -0.048058085 -0.044897765 0.012707928 -0.008839798 0.014476912 0.999775350
1403715894284058112.000000 -0.044969883 -0.078988157 -0.068996862 0.016283346 0.001898169 -0.006550982 0.999844193
1403715894684058112.000000 -0.130149916 -0.156045333 -0.105737738 0.005287784 0.006502558 -0.007068478 0.999939919
1403715894784058112.000000 -0.160415605 -0.172098845 -0.112992793 0.007355140 0.003323596 0.001336442 0.999966562
1403715896634057984.000000 -0.776207983 -0.523812890 -0.207859114 0.033224072 -0.026062286 0.092346527 0.994831204
1403715897084058368.000000 -0.654595733 -0.559372962 -0.262344003 0.018827418 -0.043030046 0.129787192 0.990428865
1403715897134057984.000000 -0.622113287 -0.568653107 -0.270033568 0.016860241 -0.043469146 0.131336659 0.990240812
1403715897234058240.000000 -0.542623639 -0.570540309 -0.283800155 0.016475301 -0.041110966 0.124324910 0.991252661
1403715897334057984.000000 -0.452217400 -0.571518004 -0.296322793 0.015394854 -0.029472109 0.096054763 0.994820535
1403715897984058112.000000 0.288053602 -0.589917481 -0.341030121 0.028279332 -0.017676029 0.063452587 0.997427523
1403715898084058368.000000 0.406614065 -0.603877962 -0.341552436 0.038566269 -0.010965673 0.053523444 0.997761369
1403715898184058112.000000 0.529444396 -0.620444357 -0.345663220 0.048803005 -0.000286667 0.045905106 0.997752964
1403715898284058112.000000 0.660058618 -0.624107301 -0.351646632 0.052097376 0.013945027 0.041382696 0.997686744
1403715898384058112.000000 0.788180113 -0.622826278 -0.364090830 0.046094395 0.031269971 0.041078977 0.997602165
1403715898484058112.000000 0.913912833 -0.607291460 -0.371762007 0.034412969 0.050096326 0.046124093 0.997085094
1403715898734058240.000000 1.233951926 -0.569480062 -0.404295832 0.017930027 0.101729393 0.062279057 0.992698848
1403715899434058240.000000 1.990927935 -0.315685779 -0.379500270 -0.042758871 0.160147086 0.061947908 0.984219015
1403715899834057984.000000 2.355214834 -0.299544603 -0.274830073 -0.034572151 0.155969456 0.049215216 0.985929132
1403715899984058112.000000 2.472284555 -0.305892229 -0.209305808 -0.022776699 0.161317781 0.024635427 0.986332059
1403715900184058112.000000 2.605615616 -0.325473070 -0.107256472 -0.017402427 0.164029717 0.006758869 0.986278713
1403715900284058112.000000 2.649670839 -0.340025395 -0.047499012 -0.016388204 0.165905669 0.001833014 0.986003757
1403715900384058112.000000 2.685813427 -0.357330054 0.015323531 -0.017047375 0.166291818 -0.000014586 0.985929191
1403715900484058112.000000 2.710088968 -0.380311489 0.081945419 -0.015974056 0.161626682 0.013794333 0.986626267
1403715900534057984.000000 2.716823339 -0.395467937 0.117078796 -0.010259292 0.158363536 0.024999969 0.987011015
1403715900584058368.000000 2.721436739 -0.408385843 0.151941746 -0.002484719 0.156013548 0.033291202 0.987190604
1403715900634057984.000000 2.730940104 -0.423981696 0.185719267 0.006926713 0.151564524 0.043513022 0.987464845
1403715900784058112.000000 2.742321491 -0.466092587 0.289464831 0.044009298 0.144569516 0.064627141 0.986400604
1403715901134057984.000000 2.740799427 -0.565584183 0.470651567 0.097713798 0.153019726 0.051038831 0.982055008
1403715901234058240.000000 2.725820541 -0.583245218 0.496022105 0.110116951 0.154587463 0.051109325 0.980492115
1403715901334057984.000000 2.712786913 -0.596886337 0.506154537 0.113064796 0.152856231 0.054886445 0.980223835
1403715901634057984.000000 2.622486115 -0.620610118 0.468511462 0.068848945 0.155182660 0.065700926 0.983291209
1403715901734058240.000000 2.588154554 -0.619530559 0.438604861 0.062888682 0.155671790 0.066344790 0.983569860
1403715901834057984.000000 2.569639683 -0.617697179 0.401445150 0.050670482 0.150493458 0.066230588 0.985087693
1403715901934058240.000000 2.528523922 -0.607298970 0.364363700 0.044020846 0.150685519 0.066233799 0.985377669
1403715902034057984.000000 2.487226248 -0.594400227 0.325324655 0.044446178 0.150161177 0.067104466 0.985379696
1403715902134057984.000000 2.438018322 -0.600998223 0.283192247 0.042681836 0.154070988 0.063778520 0.985074997
1403715902234058240.000000 2.402242422 -0.595376551 0.235138148 0.038604263 0.154798165 0.056102309 0.985596120
1403715902334057984.000000 2.348727465 -0.594692588 0.191997856 0.026412115 0.158249304 0.050815545 0.985736966
1403715902434058240.000000 2.298901320 -0.575390220 0.144193649 0.020426061 0.158199504 0.047663502 0.986044586
1403715902534057984.000000 2.242022514 -0.569886088 0.098678708 0.012282556 0.154238373 0.058772456 0.986207604
1403715902734058240.000000 2.130289316 -0.560634315 0.008331668 -0.005448258 0.133905187 0.074128315 0.988202810
1403715902834057984.000000 2.080345154 -0.536553144 -0.035852041 -0.013764260 0.115059316 0.071371883 0.990695715
1403715903834057984.000000 1.549229860 -0.529163361 -0.142763644 -0.014334126 -0.088022113 -0.008110411 0.995982349
1403715904884058112.000000 1.084244609 -0.917853832 0.018870592 0.062347457 -0.445547968 -0.153143942 0.879856110
1403715905084058368.000000 1.017946720 -0.892893553 0.049643606 0.072991066 -0.525299311 -0.165830597 0.831404328
1403715905284058112.000000 0.974380195 -0.831623733 0.062127709 0.090933979 -0.582620919 -0.189743757 0.785035789
1403715905384058112.000000 0.959865332 -0.798522413 0.067150950 0.083519809 -0.602737725 -0.212082565 0.764691234
1403715905584058368.000000 0.954372168 -0.727856755 0.055966735 0.064750113 -0.643108130 -0.244264677 0.722879052
1403715905734058240.000000 0.960383177 -0.737619877 -0.004383028 0.029332651 -0.678122938 -0.257130474 0.687875569
1403715905984058112.000000 0.961585999 -0.652361393 -0.015114307 -0.001173450 -0.743985474 -0.295759976 0.599174678
1403715909984058112.000000 1.060047507 -0.524276197 0.029213585 0.025044963 0.267134964 0.095656000 0.958572745
1403715910134057984.000000 0.984520674 -0.527633846 0.097124800 0.040309433 0.178841501 0.067315467 0.980744362
1403715910284058112.000000 0.903788447 -0.516110480 0.148267671 0.042276945 0.095033944 0.038129374 0.993844748
1403715910584058368.000000 0.758898914 -0.506571770 0.226638868 0.068672866 -0.040615126 -0.011568584 0.996745050
1403715910884058112.000000 0.574331999 -0.484535247 0.239861086 0.071244016 -0.145948902 -0.043378487 0.985769510
1403715911184058112.000000 0.417112231 -0.444148451 0.185229123 0.080828860 -0.254618526 -0.068947986 0.961187959
1403715911334057984.000000 0.353852242 -0.422493100 0.139651284 0.080205254 -0.310126424 -0.084490880 0.943530679
1403715911484058112.000000 0.308501005 -0.399079829 0.084141351 0.066328205 -0.363197625 -0.100229025 0.923927605
1403715911634057984.000000 0.268290788 -0.344215512 0.017081520 0.050608017 -0.407671511 -0.121902160 0.903538942
1403715911784058112.000000 0.238452286 -0.315764397 -0.047261413 0.043513250 -0.445498019 -0.154866412 0.880712569
1403715911934058240.000000 0.209930614 -0.298726380 -0.133655220 0.045306552 -0.480120212 -0.175155342 0.858342886
1403715912234058240.000000 0.160150632 -0.310410976 -0.324702621 0.038899444 -0.539870739 -0.186790794 0.819838703
1403715912534057984.000000 0.115001932 -0.310457051 -0.529773533 0.036148962 -0.587792575 -0.203098342 0.782268643
1403715912734058240.000000 0.108612776 -0.297611356 -0.631896615 0.036704011 -0.635365009 -0.216754347 0.740257859
1403715913034057984.000000 0.117047369 -0.249525383 -0.780787230 0.041948374 -0.722569883 -0.245608255 0.644833088
1403715913134057984.000000 0.109935462 -0.227814794 -0.829457164 0.042504825 -0.747676611 -0.257637411 0.610570252
1403715913234058240.000000 0.108508468 -0.202325150 -0.873739243 0.046611357 -0.772696555 -0.263551980 0.575593412
1403715913334057984.000000 0.107451737 -0.178827599 -0.912999034 0.060055137 -0.793392181 -0.270001769 0.542237222
1403715913434058240.000000 0.107245684 -0.156127691 -0.951948166 0.076473929 -0.806644738 -0.277340353 0.516292870
1403715913684058112.000000 0.136239767 -0.098591775 -1.044825554 0.127735928 -0.816466272 -0.287352204 0.484246939
1403715913834057984.000000 0.195264101 -0.057344466 -1.115540147 0.121951036 -0.815027416 -0.295470655 0.483275682
1403715913934058240.000000 0.242169857 -0.033428699 -1.164605379 0.106082693 -0.813509047 -0.302689731 0.485106736
1403715914034057984.000000 0.299123287 -0.006033540 -1.220329523 0.097015820 -0.811437309 -0.305915654 0.488439381
1403715914234058240.000000 0.433583736 0.044766992 -1.351247311 0.080312096 -0.804760873 -0.306862056 0.501742601
1403715914534057984.000000 0.641582489 0.120579839 -1.556969285 0.019770965 -0.771136463 -0.324080199 0.547658384
1403715914634057984.000000 0.704308629 0.148075923 -1.633525968 0.006083787 -0.758156955 -0.323055327 0.566388786
1403715914734058240.000000 0.760932684 0.175993174 -1.715245962 -0.018427262 -0.745013893 -0.314873338 0.587766528
1403715914834057984.000000 0.803549409 0.199947983 -1.789004326 -0.053367268 -0.734597266 -0.300903887 0.605785131
1403715914934058240.000000 0.832684278 0.224423528 -1.862262845 -0.078892000 -0.725683093 -0.288954586 0.619407237
1403715915084058368.000000 0.847077131 0.255627811 -1.955010533 -0.094981283 -0.718540430 -0.274840146 0.631776154
1403715915234058240.000000 0.823240995 0.272877753 -2.023925304 -0.083177529 -0.718186915 -0.266168058 0.637529314
1403715915684058112.000000 0.620659113 0.336726218 -2.115026236 0.031319071 -0.724396706 -0.278461486 0.629863322
1403715915784058112.000000 0.567994118 0.364708394 -2.134555101 0.028541226 -0.723933399 -0.284263790 0.627933025
1403715916084058368.000000 0.390451908 0.446018577 -2.182521582 0.016081903 -0.728704095 -0.285581946 0.622233629
1403715916184058112.000000 0.324838638 0.476482987 -2.201589108 0.022068968 -0.725664496 -0.277791500 0.629091322
1403715916334057984.000000 0.219095945 0.513612628 -2.226095915 0.027910337 -0.709846556 -0.263454050 0.652633786
1403715916484058112.000000 0.112804651 0.548326492 -2.245139599 0.025322562 -0.686413169 -0.244680032 0.684344530
1403715916634057984.000000 0.010726213 0.584475219 -2.261360645 0.016875247 -0.655190289 -0.225884736 0.720705926
1403715916784058112.000000 -0.093572378 0.605125666 -2.275784969 0.001385483 -0.628534079 -0.202677846 0.750909269
1403715916934058240.000000 -0.205844045 0.621046901 -2.288238049 -0.012477551 -0.610546529 -0.176704407 0.771914959
1403715917084058368.000000 -0.302907825 0.632307172 -2.278174639 -0.007516693 -0.600003779 -0.154010415 0.784996688
1403715917234058240.000000 -0.399102092 0.615431786 -2.254723310 0.048237961 -0.578051507 -0.153945684 0.799893975
1403715917534057984.000000 -0.527865887 0.603694201 -2.195028067 0.066769026 -0.541708589 -0.154458344 0.823551118
1403715917684058112.000000 -0.566489935 0.608070672 -2.168951035 0.042569157 -0.543183446 -0.142748430 0.826294422
1403715917884058112.000000 -0.600720167 0.619167864 -2.129787922 0.059649706 -0.550945401 -0.122854069 0.823291004
1403715918084058368.000000 -0.601608038 0.621124089 -2.093849421 0.080711737 -0.545130312 -0.136996686 0.823134542
1403715918584058368.000000 -0.466562867 0.669126153 -2.011294127 0.016421752 -0.484537780 -0.112769105 0.867315769
1403715918734058240.000000 -0.402183414 0.708624661 -1.974459887 0.011704576 -0.462269455 -0.119829059 0.878527701
1403715918934058240.000000 -0.306574047 0.726477563 -1.924946070 0.005637991 -0.436356336 -0.162478596 0.884964466
1403715919084058368.000000 -0.243149638 0.715580642 -1.892643571 -0.011582643 -0.426249057 -0.184768528 0.885459304
1403715919484058112.000000 -0.178776860 0.654910028 -1.818344951 0.037583508 -0.427155107 -0.201793537 0.880571067
1403715919784058112.000000 -0.200825214 0.691369593 -1.769865990 0.038656313 -0.434322715 -0.180412188 0.881658077
1403715919984058112.000000 -0.232345343 0.742186606 -1.741284609 0.032027829 -0.433184594 -0.186680406 0.881178677
1403715920184058112.000000 -0.279702425 0.772355378 -1.735640883 0.015380238 -0.436691076 -0.187885597 0.879638255
1403715920434058240.000000 -0.369684100 0.754970551 -1.756349325 0.018964617 -0.457247883 -0.164521575 0.873783350
1403715920584058368.000000 -0.429004550 0.732509077 -1.771427274 0.031816516 -0.468857199 -0.149258748 0.869989932
1403715920784058112.000000 -0.494006038 0.698585570 -1.786101341 0.049876779 -0.485830128 -0.134075955 0.862267435
1403715921184058112.000000 -0.557550550 0.564790249 -1.861355543 0.020665295 -0.530098796 -0.164912641 0.831487834
1403715921434058240.000000 -0.578889966 0.467247099 -1.896295190 0.024966048 -0.538077354 -0.192862019 0.820154667
1403715921684058112.000000 -0.610792518 0.357407868 -1.930156231 0.028034171 -0.538637280 -0.199759573 0.818034351
1403715921934058240.000000 -0.651580453 0.229719177 -1.974165678 0.023522004 -0.541735351 -0.183113456 0.820023775
1403715922184058112.000000 -0.701044202 0.116866738 -2.004342794 0.032550022 -0.539682865 -0.175073832 0.822819650
1403715922384058112.000000 -0.730226874 0.008637637 -2.034801245 0.050238732 -0.539821208 -0.167596623 0.823395789
1403715922534057984.000000 -0.739644051 -0.081061825 -2.056846857 0.052313723 -0.540778458 -0.170359820 0.822070241
1403715922684058112.000000 -0.746359587 -0.159761965 -2.082566023 0.052159552 -0.544581711 -0.161623701 0.821333051
1403715922884058112.000000 -0.745067120 -0.230546072 -2.102420807 0.056067705 -0.542340159 -0.171651617 0.820523798
1403715923034057984.000000 -0.739258409 -0.260060787 -2.113441467 0.058734957 -0.540726423 -0.178436488 0.819954634
1403715923284058112.000000 -0.718941092 -0.311579496 -2.147568941 0.046924300 -0.538409472 -0.189639762 0.819725692
1403715923434058240.000000 -0.706967235 -0.357052445 -2.180972338 0.030556545 -0.543316185 -0.179107800 0.819630563
1403715923584058368.000000 -0.695876122 -0.388564050 -2.210658789 0.016840450 -0.550064325 -0.161584303 0.819167972
1403715923734058240.000000 -0.686196208 -0.393027276 -2.219879627 0.011766970 -0.554785490 -0.149761170 0.818319201
1403715923884058112.000000 -0.673330426 -0.364934236 -2.202430487 0.022853026 -0.558246017 -0.141492933 0.817201853
1403715924034057984.000000 -0.656597614 -0.320706576 -2.171046734 0.042809784 -0.558518171 -0.138060078 0.816801190
1403715924184058112.000000 -0.628031373 -0.265749097 -2.127206564 0.055555243 -0.554859102 -0.146825567 0.816998959
1403715924334057984.000000 -0.586116791 -0.208561659 -2.082370281 0.054583024 -0.550223351 -0.158097416 0.818095446
1403715924534057984.000000 -0.521834612 -0.134559512 -2.022893906 0.035676606 -0.542944372 -0.172875851 0.821007013
1403715924784058112.000000 -0.440166473 -0.062379073 -1.946870565 0.012137028 -0.531918466 -0.158023775 0.831831694
1403715925034057984.000000 -0.352597594 0.004975066 -1.838066339 0.028222071 -0.486217260 -0.124752283 0.864426494
1403715925334057984.000000 -0.200075656 0.027441323 -1.716857433 0.050117798 -0.405898511 -0.089796528 0.908114135
1403715925634057984.000000 -0.007515401 0.000539824 -1.611576319 0.011255163 -0.320788026 -0.056011464 0.945426404
1403715926034057984.000000 0.275196910 -0.039747752 -1.454673409 0.023673724 -0.187115118 -0.013492638 0.981959999
1403715926284058112.000000 0.493944049 -0.032159138 -1.338266134 0.048831228 -0.096753605 0.032340154 0.993583620
1403715926534057984.000000 0.743629813 0.025372898 -1.236721158 0.071452633 0.006511422 0.051644001 0.996084869
1403715926784058112.000000 1.005766749 0.116578855 -1.189061522 0.041729651 0.097940676 0.066833861 0.992068350
1403715926984058112.000000 1.201174617 0.174373999 -1.170041323 0.012357327 0.160113782 0.071409211 0.984434664
1403715927284058112.000000 1.464763403 0.224944130 -1.167671800 0.025014345 0.242761180 0.059381198 0.967943847
1403715927634057984.000000 1.669509172 0.261148572 -1.187269330 0.083697148 0.318731397 0.086596839 0.940162838
1403715928934058240.000000 1.338190317 0.728148997 -1.638505101 -0.041879859 0.642005861 0.302644372 0.703193367
1403715929034057984.000000 1.287290931 0.722910523 -1.695369005 -0.064142607 0.620146394 0.315773010 0.715256274
1403715929134057984.000000 1.250493884 0.702782273 -1.754688025 -0.081150144 0.600764275 0.321864933 0.727255046
1403715929234058240.000000 1.232308388 0.683016002 -1.815052748 -0.096513428 0.585409164 0.319661289 0.738781393
1403715929434058240.000000 1.242729545 0.656218052 -1.916869402 -0.110875331 0.595349252 0.231607869 0.761330247
1403715929534057984.000000 1.264759183 0.644511819 -1.951437235 -0.112796918 0.608538985 0.173839435 0.765987635
1403715929734058240.000000 1.307867885 0.592675865 -1.960080624 -0.102177821 0.620357811 0.147297680 0.763557017
1403715930084058368.000000 1.361785054 0.478443533 -1.824310660 0.027002454 0.604185998 0.254679710 0.754565001
1403715930484058112.000000 1.383384585 0.432383209 -1.708644271 0.038993258 0.600182533 0.294054121 0.742827415
1403715930984058112.000000 1.447014570 0.455399215 -1.750384688 -0.040641475 0.607353389 0.290871620 0.738148928
1403715931084058368.000000 1.481244206 0.451196194 -1.771757364 -0.057790045 0.607625544 0.290888637 0.736773670
1403715931184058112.000000 1.524507165 0.452815533 -1.794011831 -0.068397403 0.604857028 0.295691013 0.736231446
1403715931584058368.000000 1.807545066 0.395144343 -1.866733670 -0.051820725 0.608596683 0.285190791 0.738641262
1403715931734058240.000000 1.943122029 0.388359189 -1.880176902 -0.050242476 0.609557688 0.272306770 0.742808282
1403715931934058240.000000 2.141946793 0.389272392 -1.883079886 -0.032091614 0.611521482 0.252990991 0.749004126
1403715932034057984.000000 2.245240688 0.387288481 -1.879224777 -0.014569060 0.614552736 0.239645615 0.751453698
1403715932434058240.000000 2.584331036 0.331214547 -1.864902496 0.086244904 0.641362667 0.151129365 0.747245371
1403715932534057984.000000 2.625976562 0.311701685 -1.859954476 0.104609072 0.644248426 0.139064446 0.744756341
1403715932634057984.000000 2.643093109 0.292919338 -1.861127973 0.125794083 0.646065414 0.125919417 0.742239654
1403715932734058240.000000 2.629850864 0.267554581 -1.862348795 0.140560806 0.648543358 0.115877889 0.739057839
1403715932834057984.000000 2.587117195 0.242707431 -1.873330593 0.140976503 0.649476528 0.114833884 0.738321781
1403715933434058240.000000 1.959958911 0.113688320 -1.932808399 -0.094149925 0.587445259 0.329766750 0.733006001
1403715933584058368.000000 1.838620543 0.075942010 -1.942483306 -0.134726569 0.562647581 0.382333726 0.720484078
1403715933734058240.000000 1.794299006 0.036676973 -1.956056833 -0.166848853 0.552337706 0.399610311 0.712317467
1403715933884058112.000000 1.843266845 -0.013975978 -1.973423243 -0.169063047 0.561200440 0.385323644 0.712739408
1403715934034057984.000000 1.973113775 -0.078957021 -1.993621826 -0.095585950 0.601539254 0.325052857 0.723432422
1403715934334057984.000000 2.298170090 -0.189629316 -1.997897148 0.075792097 0.667814493 0.173555583 0.719831824
1403715934484058112.000000 2.412544489 -0.211919725 -1.989771724 0.123992406 0.677605093 0.129444361 0.713247120
1403715934734058240.000000 2.446529388 -0.227221668 -1.976598144 0.174831226 0.676715136 0.092540748 0.709173381
1403715934884058112.000000 2.345628262 -0.247535050 -1.987489223 0.157295048 0.667250156 0.117522672 0.718487263
1403715934984058112.000000 2.233206749 -0.258288264 -1.997691274 0.108835563 0.656627893 0.162942961 0.728316009
1403715935534057984.000000 1.507053494 -0.202741653 -2.036243200 -0.106157377 0.593048036 0.330612004 0.726443648
1403715935684058112.000000 1.375786424 -0.157173157 -2.029834509 -0.127276018 0.584285200 0.344734430 0.723581195
1403715935834057984.000000 1.303073764 -0.119411230 -2.015991211 -0.148667589 0.575986028 0.358492941 0.719458818
1403715936084058368.000000 1.335671902 -0.082111657 -1.990147114 -0.111905396 0.597552061 0.327694654 0.723204672
1403715936234058240.000000 1.428027153 -0.079430789 -1.968641996 -0.039740924 0.632557452 0.263331085 0.727288425
1403715936434058240.000000 1.551885128 -0.078215539 -1.932092190 0.041361440 0.660333037 0.204357773 0.721448183
1403715936634057984.000000 1.627982616 -0.069588602 -1.890269995 0.078328490 0.667101681 0.192788571 0.715312898
1403715937384058112.000000 1.446682930 -0.005111784 -1.793233395 0.003307154 0.599609911 0.236789852 0.764452457
1403715937584058368.000000 1.351483583 0.048801363 -1.756593704 -0.021035803 0.557136416 0.242964134 0.793804169
1403715937834057984.000000 1.257174492 0.133830443 -1.701107621 -0.060282595 0.505082011 0.252846092 0.822998881
1403715938134057984.000000 1.227462053 0.205785155 -1.611523986 -0.076202564 0.447960109 0.238410011 0.858303964
1403715938384058112.000000 1.291623592 0.201465845 -1.520822883 -0.055826996 0.404762715 0.182442993 0.894295871
1403715938634057984.000000 1.399360418 0.141849443 -1.407583117 -0.013638549 0.357198119 0.144231096 0.922724724
1403715938934058240.000000 1.529712200 0.083004206 -1.243804097 -0.060554765 0.320771843 0.158347398 0.931860864
1403715939784058112.000000 2.029388189 -0.160978407 -0.611625791 0.162989035 0.345024794 0.077753432 0.921057522
1403715940834057984.000000 1.670344591 -0.411746532 -0.814193249 -0.211319119 0.288401514 0.227198526 0.905842006
1403715941084058368.000000 1.791914225 -0.583640158 -0.678845704 -0.091052040 0.324309379 0.173813596 0.925376594
1403715941334057984.000000 1.957016468 -0.770111442 -0.467618972 0.106791332 0.359431058 0.112215839 0.920224190
1403715941634057984.000000 2.086542606 -0.893154025 -0.317330509 0.194875658 0.356126845 0.099438645 0.908465266
1403715941934058240.000000 2.061926365 -0.865263402 -0.320562959 0.249146491 0.350792706 0.090148397 0.898189187
1403715942084058368.000000 2.002709627 -0.796781778 -0.424510092 0.174877003 0.344401360 0.103586569 0.916556358
1403715942634057984.000000 1.514120102 -0.311822504 -0.756203115 -0.125861496 0.306961745 0.203190118 0.921220481
1403715942934058240.000000 1.433137059 -0.084698871 -0.802240491 -0.159390643 0.296899259 0.198581681 0.920331895
1403715943884058112.000000 1.756077170 -0.035273239 -0.390655160 0.167408302 0.321201175 0.088301629 0.927904665
1403715944234058240.000000 1.646497250 -0.051944122 -0.549820006 0.022447327 0.289642692 0.151140690 0.944859684
1403715944534057984.000000 1.526310682 -0.035080224 -0.721395254 -0.124020196 0.210675970 0.158886492 0.956550956
1403715944784058112.000000 1.509584188 -0.059616942 -0.760962307 -0.153956980 0.139159173 0.134878442 0.968885899
1403715945484058112.000000 1.668032765 -0.330298364 -0.514196396 0.177293554 0.083734721 -0.008909581 0.980548859
1403715945834057984.000000 1.616453648 -0.358335674 -0.637310982 0.033453193 0.074144229 0.036112398 0.996031880
1403715946184058112.000000 1.528020263 -0.380473167 -0.779858828 -0.129721433 0.049265061 0.047380071 0.989191830
1403715946534057984.000000 1.463606954 -0.506718218 -0.703567743 -0.059936576 0.001764048 0.006648957 0.998178482
1403715946934058240.000000 1.379538655 -0.712827325 -0.498608440 0.114539482 -0.023494670 0.005407204 0.993126094
1403715947234058240.000000 1.313378215 -0.785610020 -0.464884877 0.207906783 -0.017728517 0.015243373 0.977869213
1403715947684058112.000000 1.243410945 -0.643258095 -0.706383467 0.008241445 -0.022046678 0.040907472 0.998885691
1403715948084058368.000000 1.216468334 -0.391237110 -0.884047747 -0.142367989 -0.027712587 0.013246696 0.989337087
1403715948434058240.000000 1.192725182 -0.333791971 -0.763468921 -0.080999412 -0.033199009 0.011161662 0.996098578
1403715948834057984.000000 1.157477975 -0.367431849 -0.457267523 0.101448998 -0.010475297 0.010012455 0.994735241
1403715949134057984.000000 1.142995477 -0.351726770 -0.340944111 0.149543270 -0.035011820 0.012278926 0.988058805
1403715949734058240.000000 1.113743067 -0.228363127 -0.409635484 -0.097487941 -0.140383705 -0.052041005 0.983910739
1403715950034057984.000000 1.056016207 -0.260198563 -0.316007763 -0.090066105 -0.188580722 -0.116153985 0.970996261
1403715950534057984.000000 0.797807634 -0.447971821 -0.016802497 0.145072713 -0.255268931 -0.065262057 0.953694224
1403715950784058112.000000 0.702789903 -0.492137015 0.017861700 0.193793952 -0.254161477 -0.046166182 0.946421981
1403715950984058112.000000 0.702604413 -0.481595099 -0.025794221 0.186408594 -0.265791863 -0.042511005 0.944880605
1403715951534057984.000000 0.769554198 -0.381023794 -0.423620552 -0.098457530 -0.295210272 -0.138092011 0.940259337
1403715951834057984.000000 0.709397137 -0.402946532 -0.507450342 -0.139779821 -0.335959435 -0.172119454 0.915405810
1403715952484058112.000000 0.303321302 -0.680699944 -0.352326512 0.127036348 -0.476533353 -0.088595293 0.865406632
1403715953084058368.000000 0.538204491 -0.743777692 -0.359566331 0.080814101 -0.516200483 -0.138251647 0.841363549
1403715953384058112.000000 0.791091323 -0.683498085 -0.446675926 -0.070505373 -0.489989519 -0.231866315 0.837363303
1403715953784058112.000000 0.931035101 -0.607385159 -0.415581763 -0.130890489 -0.519228041 -0.302521646 0.788511634
1403715954034057984.000000 0.786575079 -0.622545063 -0.344257534 -0.012543919 -0.545779645 -0.329184085 0.770457625
1403715954334057984.000000 0.479481101 -0.644330382 -0.308669090 0.128274962 -0.589483380 -0.232142225 0.762997329
1403715954634057984.000000 0.273805380 -0.617923856 -0.342207670 0.179964766 -0.626529574 -0.109614529 0.750371933
1403715954884058112.000000 0.273282200 -0.571724713 -0.411599457 0.163378835 -0.627694249 -0.119774260 0.751639187
1403715955184058112.000000 0.449968100 -0.498152047 -0.538424730 0.033136230 -0.598063350 -0.216381639 0.770974219
1403715955534057984.000000 0.657539070 -0.408164114 -0.659711778 -0.089393564 -0.567752779 -0.278609574 0.769442916
1403715956034057984.000000 0.513728261 -0.463472664 -0.743441939 0.035389110 -0.668910801 -0.234400377 0.704530001
1403715956434058240.000000 0.356411338 -0.513468266 -0.795978665 0.147387415 -0.771100640 -0.192572564 0.588724613
1403715956784058112.000000 0.471892238 -0.583341777 -0.845161974 0.138679877 -0.824233055 -0.182565942 0.517761946
1403715957284058112.000000 0.951984882 -0.616909027 -0.786673665 -0.018059675 -0.766620874 -0.361760259 0.530184805
1403715957634057984.000000 1.158624530 -0.517718196 -0.772429109 -0.089077882 -0.712226927 -0.449237674 0.531961918
1403715957934058240.000000 1.039166927 -0.409131020 -0.846071839 -0.013106359 -0.766890109 -0.366969466 0.526347160
1403715958234058240.000000 0.833362162 -0.301632941 -1.007282019 0.090785913 -0.845043898 -0.225461245 0.476262480
1403715958484058112.000000 0.751062989 -0.222893775 -1.103848457 0.129150331 -0.883494020 -0.160016477 0.420895725
1403715958734058240.000000 0.805527210 -0.182338834 -1.102291107 0.094679974 -0.908804655 -0.170941517 0.368630975
1403715958934058240.000000 0.933501959 -0.142552838 -1.036208034 0.014184639 -0.911186099 -0.245957419 0.330217749
1403715959334057984.000000 1.152991176 -0.136155829 -0.787280381 -0.000908141 -0.874222159 -0.420130044 0.243363172
1403715959534057984.000000 1.205708623 -0.127966031 -0.705922723 -0.004961714 -0.843088031 -0.492693305 0.215479448
1403715959784058112.000000 1.199854136 -0.112468556 -0.764615536 0.015285413 -0.869629502 -0.459937036 0.178798273
1403715960234058240.000000 1.142422199 -0.080846131 -1.077940464 0.061933126 -0.966760039 -0.210427985 0.131374821
1403715960434058240.000000 1.152779341 -0.107133090 -1.120186329 0.072506517 -0.975495994 -0.164039791 0.127441749
1403715960584058368.000000 1.176602483 -0.134660780 -1.074473143 0.072022967 -0.970717728 -0.188734144 0.129997090
1403715961134057984.000000 1.388888240 -0.312484026 -0.733826458 0.036293671 -0.851487458 -0.497848421 0.160620242
1403715961334057984.000000 1.459499717 -0.354327142 -0.734532714 0.006533325 -0.838346720 -0.517951906 0.169876173
1403715961484058112.000000 1.480016828 -0.368923873 -0.815958679 -0.005155920 -0.873707891 -0.459894508 0.158445776
1403715961684058112.000000 1.492274880 -0.376295686 -0.985504031 0.011895877 -0.925851047 -0.359975666 0.114349745
1403715961884058112.000000 1.494016290 -0.387122810 -1.155563831 0.045546498 -0.959977984 -0.268897116 0.063735157
1403715962084058368.000000 1.501252055 -0.375584900 -1.260649800 0.051807903 -0.981878221 -0.180780202 0.023443978
1403715962234058240.000000 1.500630736 -0.373833001 -1.265891314 -0.041722149 0.988124788 0.147506148 0.010516499
1403715962384058112.000000 1.513307214 -0.377641261 -1.201580524 -0.017050613 0.984213769 0.171481267 0.040333688
1403715962484058112.000000 1.520432472 -0.370101959 -1.109858871 0.006485434 0.977412343 0.203111351 0.058041587
1403715962634057984.000000 1.507533431 -0.389038056 -0.957559466 0.046295028 0.953625977 0.285144717 0.084538445
1403715963084058368.000000 1.341408730 -0.364914298 -0.433995128 -0.020976452 0.871458411 0.462453961 0.162038833
1403715963184058112.000000 1.286909819 -0.323203921 -0.333988011 -0.046024080 0.847510695 0.496510416 0.181892306
1403715963284058112.000000 1.240096927 -0.270241380 -0.253647506 -0.060843218 0.825787783 0.522748113 0.202748686
1403715963384058112.000000 1.205569863 -0.201938093 -0.195698440 -0.065078676 0.820665658 0.520156026 0.227399200
1403715963484058112.000000 1.190249801 -0.133908987 -0.168457627 -0.057788022 0.845790267 0.463782936 0.257302910
1403715963684058112.000000 1.182697058 0.003661513 -0.160535216 -0.030014856 0.887759030 0.336416155 0.312741339
1403715964334057984.000000 1.170912743 0.149008572 -0.136281848 -0.050174616 0.855310917 0.360079557 0.369145572
1403715964834057984.000000 1.278325081 0.029850662 -0.202548504 0.009132825 0.863431931 0.341327816 0.371345311
1403715965534057984.000000 1.307756066 -0.074663520 -0.278101683 -0.076202922 0.814125299 0.434877127 0.377193570
1403715965684058112.000000 1.338443279 -0.088961959 -0.323040485 -0.078262858 0.819916308 0.426095963 0.374238402
1403715966084058368.000000 1.493444204 -0.129887402 -0.493263006 0.016406627 0.896065533 0.224462628 0.382640719
1403715966234058240.000000 1.515705705 -0.158847570 -0.514117002 0.032841448 0.902263820 0.190843806 0.385253280
1403715966934058240.000000 1.473653793 -0.350407004 -0.414353967 -0.083520383 0.823047042 0.439485520 0.349957734
1403715967084058368.000000 1.534999371 -0.384696603 -0.453512311 -0.051678993 0.862323225 0.359551936 0.352775246
1403715967234058240.000000 1.604258299 -0.409226596 -0.492450118 -0.014224837 0.896214068 0.268734455 0.352675229
1403715967384058112.000000 1.658655763 -0.442748815 -0.508401513 0.020516206 0.916180789 0.194713965 0.349683166
1403715967534057984.000000 1.679635525 -0.492937207 -0.485505462 0.030293927 0.914146960 0.200277850 0.351150095
1403715967834057984.000000 1.625652075 -0.621022165 -0.343602657 0.031253930 0.848469377 0.347155213 0.398253977
1403715968134057984.000000 1.515061140 -0.689260125 -0.205468059 -0.041247934 0.784700811 0.433678210 0.440983504
1403715968834057984.000000 1.423193574 -0.567489266 -0.126816630 0.039720774 0.861715078 0.215755001 0.457514137
1403715968984058112.000000 1.352631330 -0.537052512 -0.076484680 0.042558894 0.862083614 0.212145656 0.458251864
1403715969134057984.000000 1.234606385 -0.500698507 0.004241347 0.001397492 0.838752806 0.288189858 0.461993963
1403715969284058112.000000 1.125664711 -0.491523921 0.078050017 -0.063669868 0.794658124 0.395167619 0.456406832
1403715969434058240.000000 1.032980442 -0.467184484 0.139918089 -0.103016794 0.764557779 0.452532709 0.447272986
1403715969584058368.000000 0.987563789 -0.438453913 0.162828505 -0.143832177 0.756207824 0.456877649 0.445785671
1403715969984058112.000000 1.179658651 -0.379596889 0.134796739 -0.077537961 0.826366603 0.303916126 0.467697769
1403715970284058112.000000 1.407424092 -0.376137376 0.157418728 0.039264515 0.856348097 0.204869837 0.472392410
1403715970434058240.000000 1.470807076 -0.398261249 0.198982000 0.071831688 0.859926522 0.179092020 0.472538531
1403715970584058368.000000 1.476869583 -0.421457589 0.270345449 0.079901904 0.845377028 0.222697392 0.478914678
1403715970734058240.000000 1.432532072 -0.455755681 0.345393896 0.048688874 0.815000892 0.317905873 0.482015342
1403715970884058112.000000 1.374351501 -0.492731214 0.410475135 0.005225813 0.772681534 0.424285322 0.472141802
1403715971034057984.000000 1.323135376 -0.524470448 0.437058210 -0.037317418 0.738601446 0.487980187 0.463627696
1403715971284058112.000000 1.335125208 -0.550442100 0.354655206 -0.109127574 0.740391254 0.438187391 0.497899354
1403715971434058240.000000 1.412475944 -0.561638176 0.265563607 -0.108262040 0.763248265 0.337052882 0.540487528
1403715971584058368.000000 1.521745801 -0.585520089 0.178337097 -0.083973147 0.769163370 0.247066557 0.583347619
1403715971734058240.000000 1.636347771 -0.614911139 0.123341560 -0.044488568 0.756193995 0.197281778 0.622311234
1403715971884058112.000000 1.735855579 -0.657726705 0.108076572 0.004808400 0.730251491 0.189568132 0.656333447
1403715972034057984.000000 1.804795384 -0.688976824 0.103196144 0.029566409 0.699587047 0.195133194 0.686750948
1403715972334057984.000000 1.848102808 -0.772444129 0.108406186 0.086026840 0.678581715 0.150969416 0.713676810
1403715972734058240.000000 1.622097731 -0.854379535 0.132642150 0.020154815 0.649017036 0.238123730 0.722265720
1403715974384058112.000000 0.792456567 -0.738266706 -0.225632429 -0.029213034 0.640399694 0.295496881 0.708319485
1403715975034057984.000000 0.920151949 -0.517788053 -0.536686420 -0.015760491 0.643693089 0.270603657 0.715670764
1403715975734058240.000000 1.099873543 -0.359625489 -0.820971310 -0.019388223 0.639194489 0.245968670 0.728391290
1403715976534057984.000000 1.311870098 -0.350427926 -0.993130505 -0.032720037 0.642242253 0.234593883 0.728985667
1403715977284058112.000000 1.498167634 -0.390054762 -0.877448082 -0.022231465 0.558702648 0.211329430 0.801683843
1403715978384058112.000000 1.537605405 -0.542715430 -0.375114202 0.021428809 0.181066826 0.012534333 0.983157456
1403715979734058240.000000 0.766652524 -0.710956991 -0.078652397 0.095009401 -0.407308102 -0.174079835 0.891498506
1403715979984058112.000000 0.632660747 -0.717224121 -0.168292433 0.109281771 -0.512956083 -0.195902407 0.828586698
1403715980334057984.000000 0.508715749 -0.645712614 -0.406170547 0.111684598 -0.647828698 -0.220957249 0.720432103
1403715980684058112.000000 0.491966903 -0.531191349 -0.712834716 0.090577334 -0.771598935 -0.230658904 0.585856080
1403715981134057984.000000 0.630689144 -0.411872506 -1.062211871 0.052241575 -0.889779449 -0.262165159 0.369909227
1403715981534057984.000000 0.869703889 -0.327638865 -1.224154830 0.033092856 -0.954065800 -0.265775353 0.134263888
1403715981784058112.000000 1.011172295 -0.343810380 -1.217323780 -0.032054603 0.962350070 0.269015372 0.022037789
1403715982484058112.000000 1.371776700 -0.487507343 -0.884373665 -0.025931772 0.880046725 0.303447902 0.364368916
1403715982934058240.000000 1.513759136 -0.626560390 -0.545075774 -0.013738127 0.776882410 0.268505782 0.569358945
1403715983534057984.000000 1.556744099 -0.836079001 -0.035781860 0.031657543 0.563912392 0.197179347 0.801324546
1403715984034057984.000000 1.368703485 -0.983370960 0.290829569 0.094104394 0.349469393 0.132709235 0.922715425
1403715984334057984.000000 1.186988950 -1.033429146 0.338580966 0.083147950 0.225839853 0.112878546 0.964023471
1403715984534057984.000000 1.059222460 -1.045950532 0.303530872 0.078275897 0.148737386 0.083765522 0.982208431
1403715984684058112.000000 0.965820432 -1.046551108 0.252619833 0.050014604 0.087715246 0.056321070 0.993293762
1403715984784058112.000000 0.887507081 -1.041579843 0.212375596 0.040935803 0.044083327 0.045343969 0.997158408
1403715984934058240.000000 0.826599896 -1.018230438 0.161707684 0.049036868 -0.038584422 0.032157511 0.997533262
1403715985084058368.000000 0.679613113 -0.994984806 0.100276880 0.057598833 -0.075889945 0.006263166 0.995431483
1403715985234058240.000000 0.611616731 -0.989124119 0.028684128 0.056271549 -0.103789248 -0.016875401 0.992862821
1403715985434058240.000000 0.522548974 -0.957813978 -0.081884980 0.058654960 -0.101831362 -0.041387871 0.992208183
1403715985734058240.000000 0.369450390 -0.905450106 -0.267695904 -0.011379099 -0.063355677 -0.003701033 0.997919261
1403715986384058112.000000 0.106748424 -0.646604300 -0.478671402 0.013001132 -0.026152587 0.038769785 0.998821259
1403715986784058112.000000 0.019953197 -0.477204323 -0.506919026 -0.038530443 -0.026149401 0.012821518 0.998832941
1403715987134057984.000000 -0.039562952 -0.387661874 -0.463265508 0.018598687 -0.016189648 0.042270515 0.998801887
1403715987434058240.000000 -0.068853036 -0.320333749 -0.422296166 0.041049436 0.021741921 0.063450269 0.996903360
1403715988134057984.000000 -0.050735418 -0.149488285 -0.401689798 -0.003853294 0.028628398 0.028186897 0.999185205
1403715988434058240.000000 -0.049360711 -0.124815390 -0.378924489 0.029993784 0.024077026 0.025635136 0.998931170
1403715989034057984.000000 -0.024149785 -0.083070919 -0.379211098 0.006557668 0.020808328 0.043240182 0.998826504
1403715989334057984.000000 0.012537112 -0.078479856 -0.381471097 0.005502050 0.027579129 0.038001515 0.998881876
1403715989584058368.000000 0.046146333 -0.078590266 -0.372236788 0.006871305 0.029719135 0.037522525 0.998830140
1403715989884058112.000000 0.085393630 -0.075209811 -0.352905810 0.028655967 0.032729972 0.028802171 0.998638093
1403715990184058112.000000 0.111912213 -0.057918992 -0.339465380 0.025605647 0.031447381 0.020984294 0.998956978
1403715990484058112.000000 0.119024627 -0.021025639 -0.326481253 0.019163257 0.030865200 0.014866304 0.999229252
1403715990734058240.000000 0.106953941 0.033115394 -0.309123188 0.007250372 0.029067012 0.012538525 0.999472499
1403715990934058240.000000 0.080731876 0.075432576 -0.286260784 -0.000477814 0.030095462 0.010254965 0.999494314
1403715991084058368.000000 0.052102566 0.093692556 -0.266029745 0.006827120 0.029059030 0.009230595 0.999511778
1403715991234058240.000000 0.036965333 0.090774000 -0.260160714 0.014117025 0.030194953 0.004824609 0.999432743
1403715991534057984.000000 0.038991764 0.092785552 -0.261068553 0.017338039 0.026720483 0.016256349 0.999360383
1403715991684058112.000000 0.038249768 0.093671694 -0.258179307 0.018551750 0.026472455 0.016884694 0.999334812
1403715993134057984.000000 0.038096935 0.093666963 -0.258475810 0.018933378 0.026274810 0.017721549 0.999318361
1403715993284058112.000000 0.038107518 0.093622647 -0.259127498 0.019076187 0.026640803 0.016463209 0.999327481
1403715993734058240.000000 0.038334232 0.093686000 -0.258888155 0.019736400 0.026185732 0.017756924 0.999304533
